0.683281
0.592937
0.0550923
0.0326762
0.219495
0.734852
0.244193
1.15057
0.613322
0.819712
0.930076
0.687553
0.782589
1.02885
0.275922
0.410236
0.476782
0.942781
-0.300738
0.596272
0.0646038
-0.00752615
0.44634
0.301468
0.468391
0.392407
0.0264897
1.00917
0.290506
0.626757
0.48015
0.133558
-0.0384785
0.333354
0.86491
1.00252
0.0154363
0.792242
0.679633
0.811368
0.074408
-0.0258024
0.879409
1.22455
1.09737
0.462641
0.943884
0.284612
0.422028
0.518392
0.960449
0.649672
0.674406
0.47329
0.574626
0.624455
0.370201
-0.0160114
0.224777
0.0697318
0.0676204
0.554197
0.579257
0.33803
0.20269
0.75373
0.868577
0.702835
0.307861
0.957383
0.528264
0.0122387
0.391381
1.05297
0.444844
1.15748
0.66819
0.657364
-0.143406
1.00699
0.590473
0.494491
-0.171944
0.443339
0.760528
-0.168583
0.902781
0.453959
0.0362946
0.923013
0.457662
0.0525628
0.618056
-0.0650032
0.0363279
0.974486
0.66057
0.616643
0.446496
0.96343
0.134536
0.480477
1.01107
0.250608
0.446523
0.257927
0.744083
0.505057
1.22764
1.04645
0.87754
0.186503
1.16262
1.07511
0.716824
0.263318
0.266886
1.22395
0.0934176
0.58037
0.612967
0.567127
0.314764
1.10453
0.554374
0.0214173
0.629949
0.777442
0.903115
0.462045
0.944255
0.775687
0.473877
0.714191
0.010629
0.657852
0.697391
0.356396
1.03161
0.655791
0.578743
0.116056
1.09646
0.452339
0.215651
0.554485
0.310982
0.100328
0.319952
0.414313
0.578749
0.610537
-0.125022
0.838523
0.539073
1.33713
0.359057
0.0390257
0.547522
0.540997
0.463147
0.48141
1.02376
0.445654
1.14363
0.445796
1.05716
0.810196
0.77686
0.390822
-0.196382
0.112613
0.494388
1.13767
0.43634
0.953758
0.543263
0.152983
0.733019
0.35617
0.173376
-0.254949
0.810945
0.332247
1.03181
1.06171
0.662402
0.890587
0.554018
0.0109801
0.583911
0.597918
0.439169
-0.273903
0.357412
0.622693
0.493341
0.701242
1.11847
0.914518
0.0956915
-0.0378498
0.47545
0.448754
0.906119
0.97803
0.234263
1.02305
-0.0290332
0.349551
0.453727
0.874374
0.376516
1.4838
0.534792
0.622722
0.129023
-0.128547
0.417877
0.769115
0.160047
0.357767
0.831385
0.818484
0.628366
0.0929507
-0.0610487
0.708063
0.554316
0.221356
0.372314
0.414275
0.173222
0.467614
0.212981
0.701234
0.524941
0.878791
0.958113
0.603426
0.569243
0.140577
1.05228
0.967351
0.909405
1.00364
0.431206
0.369156
1.07995
0.0180455
0.741546
0.391773
0.456632
0.915272
0.791521
0.358213
-0.0219271
0.537756
0.167068
0.962404
0.151644
1.00754
0.0910696
0.882662
1.32299
0.13977
0.82694
0.798008
0.276122
0.0728729
0.543071
1.0352
0.462907
0.745779
0.282016
0.0465789
0.325149
0.853342
0.465408
0.956424
0.0926386
0.831597
0.344663
0.484304
1.06309
0.372376
0.22535
0.235221
0.0907482
-0.178083
-0.189919
0.303936
0.360001
0.651405
0.232504
0.736025
0.190117
0.29524
0.633979
0.417097
0.205963
0.928612
1.06981
0.512104
0.875907
0.223183
0.291399
0.0616531
0.897948
0.148216
0.0487551
0.604144
0.338479
0.265879
0.732465
1.06467
0.0533863
0.379936
0.932451
0.738527
0.662286
0.849643
-0.173961
0.510126
0.235656
0.489917
0.69352
0.0481006
0.0615744
0.182561
0.943834
0.653715
0.181137
0.590793
0.565249
0.367251
0.641263
0.943798
0.883348
0.417202
-0.092363
0.586252
0.908094
0.602075
1.05885
0.882257
0.151129
0.992737
0.231169
0.139985
0.543515
-0.311613
0.0964201
0.737579
0.725158
0.485822
0.229867
0.258806
-0.011018
0.636083
-0.107357
1.0937
0.0796725
0.183024
0.64083
0.493631
0.871231
0.484642
-0.00728265
0.393758
0.697939
0.968438
0.874438
0.39766
0.929315
0.837936
0.658673
0.772276
1.02209
0.27538
0.445505
0.803735
0.0786563
0.435017
0.0912316
0.269851
0.512767
0.83619
0.697168
0.636205
0.0844672
0.380358
0.97927
0.547424
0.70129
0.538984
0.384403
-0.00354233
-0.0305989
0.761399
0.440466
0.190425
0.352645
0.315981
0.498528
0.539142
0.938309
0.298266
0.209986
0.387449
0.394337
0.813107
0.352067
0.75397
0.518161
0.457256
0.472521
0.824539
0.553165
0.0123245
0.901573
0.577753
0.498779
0.487417
0.0311342
0.491008
0.561079
0.417543
0.693525
0.439401
0.391856
0.513995
0.671918
0.822935
1.02967
0.732908
0.946691
0.436956
0.232437
0.133584
0.311992
0.535055
0.896014
0.0813172
0.43701
0.777977
-0.228467
0.651582
0.897644
-0.190687
0.564662
0.272702
0.923149
0.274675
0.560152
0.238645
0.711781
1.01606
0.405932
0.0771254
0.939778
0.429072
0.354581
0.966024
1.23004
0.631551
0.851551
0.606207
0.365066
0.307923
0.381146
0.112056
0.526856
0.91346
0.779141
-0.429615
1.08669
0.5401
0.784266
0.472333
0.731193
0.810508
0.186115
-0.0294639
-0.0687159
0.736737
0.323573
0.817604
1.14057
1.13115
-0.0586158
0.995434
0.46856
0.497974
0.237848
0.5328
0.433083
0.161679
0.410491
0.522037
0.934697
0.934785
0.282438
0.058401
0.39742
0.497989
1.04416
0.00580501
0.18716
0.133461
0.206356
1.02568
0.564146
1.05846
0.710095
0.599627
0.830679
0.749131
0.635466
0.42234
0.103475
1.00904
0.699648
0.559793
0.661316
-0.0806425
0.177446
0.309997
-0.0650033
0.617894
0.531543
0.0373545
0.896671
1.08145
0.540036
0.0419221
0.626504
0.615361
0.0728522
-0.0795939
0.819255
0.523603
0.386944
1.04361
0.311881
0.325536
0.296181
0.608967
0.266826
0.434722
0.30332
0.729219
0.813986
0.186852
0.899493
0.398044
1.27242
0.632988
0.482182
0.419474
0.441295
-0.100269
0.888185
0.138815
0.372994
1.19331
0.808487
0.20388
0.762805
1.48325
0.931974
0.767868
0.02337
1.05382
0.142533
0.977016
0.284547
-0.0448303
0.680628
0.552776
0.325709
1.04338
1.15447
0.651545
-0.229917
0.507115
0.177653
0.686234
1.07861
1.0543
0.674293
0.423542
0.57198
0.74381
0.145427
0.723195
0.704792
-0.0624591
-0.182194
0.239161
0.691812
0.357752
0.120663
-0.0512287
0.834613
0.110128
1.01825
1.2688
0.564951
-0.0586847
0.353569
1.02635
1.09677
0.193987
-0.0588192
0.540527
0.340177
0.870055
0.445329
1.08392
0.0930036
0.960337
0.00503357
-0.00224923
0.790181
0.925569
0.61169
0.6469
0.327995
1.03306
0.339542
0.203863
0.473225
0.3878
1.13548
0.680314
0.618547
0.490577
0.301295
0.203849
0.851072
0.826713
-0.287804
0.707102
0.0208307
-0.00512867
0.697001
0.0831189
0.273708
0.439802
0.0664034
0.923815
0.950143
0.631871
0.598516
0.385214
0.254882
0.576839
0.0519188
0.637159
0.738119
0.501342
0.607341
0.694247
0.898255
0.864837
0.41492
0.608368
1.30504
0.205476
0.679729
-0.0667793
1.12967
-0.0935872
0.3953
-0.0220891
0.0258957
0.569123
-0.349181
0.779198
0.729528
0.633298
0.923448
0.805267
0.855646
0.419189
0.569429
0.843718
0.32167
0.829865
0.58695
-0.0606321
-0.00617971
0.0369029
0.30076
0.913212
0.802733
0.351072
0.204882
0.461553
0.734338
-0.0615748
0.563431
0.165893
0.512592
0.921248
0.803654
0.17445
-0.0340079
0.406203
0.442305
0.410517
0.119886
0.517538
0.174973
0.0533175
0.270225
0.903056
0.773596
1.1928
0.35126
0.620488
1.0143
0.175454
1.09453
0.549499
0.0898381
0.649775
0.878642
0.506115
0.175137
0.336833
0.411744
-0.179236
0.434256
0.81869
0.631065
0.773081
0.266511
0.809236
-0.218265
-0.00956378
0.478058
0.795381
0.49178
0.42295
0.651174
0.189315
1.06743
0.358253
0.980625
0.442866
0.326799
0.0185633
-0.29669
0.262167
0.179481
0.725641
0.597171
0.703418
0.810361
1.09519
1.16121
0.312402
0.581409
0.693543
0.285181
1.14014
0.4015
0.930504
0.78296
0.556144
0.881413
0.256196
0.428165
-0.0755237
1.16292
0.204149
0.051345
0.556703
0.685635
0.617418
0.816722
0.820843
0.819326
0.874513
0.578535
0.0944098
0.56969
0.422352
0.851852
0.453689
0.388791
0.624167
0.201382
0.827374
0.441208
0.407157
0.675303
0.889537
0.558622
0.404506
0.0858982
0.882546
0.359936
0.389945
1.28666
0.324153
0.0657748
0.444712
0.248213
0.412968
0.668444
0.668408
0.730891
0.505184
0.696464
0.755317
0.46044
0.453469
0.57275
0.0937452
0.677341
-0.126145
0.851546
0.854318
0.44888
1.32755
-0.0188257
0.183665
1.17123
0.540573
0.973974
0.736666
0.366802
0.914188
1.0035
0.774132
1.05252
0.118608
0.255051
0.670933
0.426185
0.40506
0.650569
0.581677
0.260058
0.665443
0.585245
0.370481
0.127516
0.273045
0.315107
1.00737
0.899613
0.403931
0.485837
0.339596
0.157747
0.196141
0.992828
1.07915
1.02854
-0.0780121
0.497394
0.906427
1.17317
0.562676
0.165581
0.135513
0.259502
0.368831
0.426841
0.540566
0.282277
0.676964
0.122352
0.937564
1.07526
0.417887
0.279736
0.656886
0.309416
0.603057
0.76126
0.527525
0.658211
0.885078
0.944641
0.433117
0.622153
1.02057
0.342025
0.382969
0.521487
0.889685
0.897432
0.273713
0.599087
1.12345
0.526972
0.645135
0.789603
0.112616
0.898955
0.359723
1.24368
0.601084
1.18427
0.586313
0.979852
0.789396
0.349441
0.186501
0.889875
1.14082
0.246882
0.44219
0.72311
-0.251097
0.419179
0.604521
-0.396759
1.12102
0.683281
0.592937
0.0550923
0.0326762
0.304487
0.734852
0.244193
1.14858
0.843411
0.819712
0.930076
0.687553
0.760526
1.02885
0.275922
0.565656
0.476782
0.942781
-0.300738
0.570551
0.247399
-0.00752615
0.44634
0.301468
0.468391
0.392407
0.0264897
1.00917
0.290506
0.626757
0.48015
0.133558
-0.0384785
0.151265
0.954582
0.991677
0.0154363
0.792242
0.710325
0.811368
0.074408
-0.0258024
0.879409
1.03275
1.09737
0.462641
0.943884
0.284612
0.422028
0.518392
1.0347
0.65943
0.676636
0.47329
0.574626
0.624455
0.582522
-0.0160114
0.32027
0.0697318
0.154808
0.554197
0.579257
0.33803
0.20269
0.75373
0.868577
0.702835
0.138643
0.957383
0.766256
0.0122387
0.391381
1.05297
0.444844
1.15748
0.455397
0.657364
-0.0430625
0.85856
0.774057
0.542847
-0.0138983
0.579665
0.760528
-0.414472
0.902781
0.453959
0.0362946
0.923013
0.457662
0.0525628
0.45048
-0.0650032
0.0363279
0.849816
0.66057
0.616643
0.446496
0.96343
0.134536
0.480477
1.01107
0.250608
0.393703
0.257927
0.744083
0.505057
1.22764
1.04645
0.87754
0.186503
0.913711
1.07511
0.716824
0.384988
0.266886
1.22395
0.0934176
0.58037
0.612967
0.567127
0.314764
1.10453
0.554374
0.0214173
0.61455
0.693772
0.903115
0.462045
0.944255
0.916134
0.265999
0.714191
-0.110524
0.657852
0.697391
0.356396
1.09453
0.655791
0.578743
0.144286
1.10511
0.452339
0.215651
0.554485
0.310982
0.100328
0.319952
0.414313
0.568514
0.610537
-0.125022
0.838523
0.539073
1.33713
0.359057
0.0390257
0.615453
0.540997
0.463147
0.48141
1.02376
0.445654
0.938175
0.445796
1.05153
0.810196
0.798853
0.390822
-0.196382
0.112613
0.411651
1.13767
0.43634
0.953758
0.765461
0.123202
0.733019
0.35617
0.173376
-0.254949
0.876997
0.332247
0.891762
0.960947
0.662402
0.82647
0.520654
0.0109801
0.583911
0.597918
0.659301
-0.142087
0.357412
0.622693
0.493341
0.701242
1.11847
0.914518
0.0956915
-0.0378498
0.47545
0.444993
0.906119
0.97803
0.234263
1.02305
-0.0290332
0.349551
0.350442
0.874374
0.376516
1.4838
0.534792
0.849272
0.129023
-0.128547
0.308774
0.769115
0.160047
0.341686
0.831385
0.818484
0.628366
0.0929507
-0.0610487
0.708063
0.710042
0.221356
0.372314
0.414275
0.363267
0.23029
0.212981
0.701234
0.274222
0.878791
0.814355
0.603426
0.569243
0.140577
1.05228
0.967351
0.909405
0.908178
0.371893
0.369156
1.09603
0.152705
0.744418
0.391773
0.456632
0.915272
0.763902
0.460876
-0.0219271
0.537756
0.167068
0.962404
0.151644
1.00754
0.268129
0.882662
1.32299
0.13977
0.789189
0.798008
0.171341
0.142426
0.543071
1.0352
0.462907
0.760394
0.294542
0.0465789
0.325149
0.963153
0.363148
0.956424
0.0926386
0.831597
0.344663
0.484304
1.06309
0.372376
0.22535
0.235221
0.0907482
-0.179372
-0.189919
0.303936
0.440758
0.651405
0.232504
0.736025
0.190117
0.291065
0.633979
0.417097
0.205963
0.928612
1.26772
0.512104
0.875907
0.223183
0.316702
0.0616531
0.897948
0.148216
0.0487551
0.604144
0.338479
0.108252
0.732465
1.06467
0.0533863
0.379936
0.932451
0.738527
0.662286
0.849643
-0.173961
0.510126
0.235656
0.489917
0.69352
0.0330417
0.0615744
0.182561
1.05688
0.653715
0.181137
0.713965
0.565249
0.497423
0.641263
0.943798
0.883348
0.417202
-0.092363
0.586252
0.908094
0.602075
1.05885
0.882257
0.274311
0.996561
0.231904
0.143347
0.376528
-0.311613
-0.0225655
0.737579
0.725158
0.562422
0.232692
0.258806
0.160271
0.636083
-0.107357
1.0937
0.0796725
-0.171241
0.64083
0.643062
0.871231
0.484642
-0.00728265
0.393758
0.651049
0.968438
0.874438
0.39766
0.929315
0.837936
0.798607
0.772276
1.02209
0.27538
0.439967
0.850396
0.0402439
0.435017
0.0912316
0.269851
0.512767
0.984628
0.697168
0.636205
0.0844672
0.322105
0.97927
0.547424
0.457683
0.538984
0.384403
-0.00354233
-0.222307
0.761399
0.440466
0.190425
0.352645
0.315981
0.498528
0.50744
0.69889
0.298266
0.209986
0.387449
0.394337
0.813107
0.352067
0.75397
0.518161
0.328947
0.472521
1.07516
0.559534
0.0123245
1.01261
0.577753
0.498779
0.487417
0.0311342
0.491008
0.561079
0.417543
0.693525
0.439401
0.558585
0.667282
0.671918
0.822935
1.02967
0.732908
0.946691
0.193472
0.232437
0.133584
0.311992
0.442752
0.896014
0.104392
0.43701
0.571824
-0.228467
0.651582
0.814035
-0.190687
0.564662
0.272702
0.923149
0.344065
0.469019
0.238645
0.711781
1.01606
0.405932
0.0771254
0.939778
0.429072
0.354581
0.966024
1.23004
0.631551
0.85319
0.554049
0.365066
0.307923
0.381146
0.112056
0.526856
1.06881
0.779141
-0.333761
1.08669
0.5401
0.795543
0.472333
0.818679
0.810508
0.186115
-0.0294639
-0.0687159
0.736737
0.323573
0.765039
1.14057
1.13115
0.0299654
0.997941
0.46856
0.472594
0.237848
0.5328
0.433083
0.161679
0.410491
0.307449
0.934697
0.934785
0.282438
0.100993
0.39742
0.497989
1.13499
0.00580501
0.18716
0.133461
0.206356
1.02568
0.564146
1.05846
0.710095
0.599627
1.02075
0.723861
0.472401
0.42234
0.0504829
1.14079
0.613047
0.559793
0.661316
-0.0806425
0.177446
0.309997
-0.0650033
0.617894
0.531543
0.0373545
0.896671
1.11851
0.373445
0.0419221
0.626504
0.460244
0.0728522
-0.272306
0.819255
0.523603
0.281259
1.03119
0.311881
0.164951
0.334423
0.608967
0.266826
0.385298
0.30332
0.729219
0.813986
0.316411
0.899493
0.398044
1.43954
0.632988
0.482182
0.419474
0.434743
-0.100269
0.888185
0.138815
0.372994
1.10364
0.808487
0.20388
0.789024
1.38579
0.931974
0.795989
0.02337
1.05382
0.142533
1.02025
0.284547
-0.0448303
0.457962
0.552776
0.150553
1.04338
1.15447
0.651545
0.0231318
0.507115
0.219
0.686234
1.07861
1.0543
0.674293
0.423542
0.57198
0.74381
0.145427
0.587596
0.704792
-0.0624591
-0.182194
0.239161
0.691812
0.357752
0.120663
-0.0512287
0.834613
0.110128
1.01825
1.2688
0.564951
-0.0586847
0.353569
1.04009
1.09677
0.193987
-0.0588192
0.540527
0.340177
0.638004
0.445329
1.08294
0.0930036
0.960337
-0.11265
0.111981
0.790181
0.925569
0.59985
0.6469
0.400348
1.03306
0.339542
0.203863
0.473225
0.376695
1.13548
0.679292
0.618547
0.490577
0.301295
0.203849
0.851072
0.875566
-0.287804
0.543045
-0.196434
-0.00512867
0.720116
0.0831189
0.273708
0.565209
0.0664034
0.923815
0.950143
0.678053
0.598516
0.354667
0.254882
0.576839
0.0519188
0.637159
0.738119
0.501342
0.607341
0.694247
0.898255
0.711356
0.41492
0.608368
1.30504
0.246825
0.679729
-0.0667793
1.10393
-0.0935872
0.3953
-0.0220891
0.0258957
0.392542
-0.349181
0.779198
0.729528
0.633298
0.86154
0.805267
0.855646
0.419189
0.569429
0.940789
0.32167
0.829865
0.638944
-0.0606321
-0.00617971
0.0369029
0.30076
0.913212
0.802733
0.351072
0.204882
0.461553
0.734338
-0.0615748
0.563431
0.165893
0.512592
0.921248
0.803654
0.17445
-0.0127031
0.406203
0.442305
0.410517
0.119886
0.517538
0.174973
0.0533175
0.270225
0.903056
0.773596
1.1928
0.35126
0.620488
0.959172
0.175454
1.09453
0.59351
0.0898381
0.649775
0.878642
0.506115
0.175137
0.543507
0.411744
-0.179236
0.434256
1.05541
0.675411
0.773081
0.266511
0.809236
-0.0371317
-0.00956378
0.47267
0.795381
0.493909
0.497226
0.73694
0.189315
0.93772
0.358253
1.01621
0.442866
0.326799
0.160182
-0.15099
0.511247
0.0771445
0.725641
0.597171
0.703418
0.74707
1.09519
1.32751
0.312402
0.581409
0.693543
0.257808
1.14014
0.290726
0.930504
0.742302
0.722207
0.99107
0.256196
0.428165
-0.0755237
1.16292
0.204149
0.051345
0.564511
0.685635
0.617418
0.59244
0.846222
0.819326
0.874513
0.587416
0.0944098
0.635749
0.422352
0.851852
0.453689
0.285739
0.624167
0.201382
0.827374
0.441208
0.407157
0.809631
0.889537
0.558622
0.404506
-0.00808075
0.882546
0.32254
0.389945
1.28666
0.324153
0.0657748
0.444712
0.248213
0.412968
0.668444
0.668408
0.730891
0.505184
0.696464
0.755317
0.46044
0.453469
0.57275
0.0937452
0.677341
-0.126145
0.851546
0.854318
0.44888
1.32755
-0.173699
0.183665
1.10334
0.540573
0.973974
0.736666
0.366802
0.914188
1.0035
0.774132
1.05252
0.118608
0.255051
0.670933
0.426185
0.40506
0.650569
0.581677
0.260058
0.665443
0.585245
0.370481
0.127516
0.273045
0.315107
1.00737
0.899613
0.403931
0.485837
0.339596
0.252946
0.110522
0.992828
1.07915
1.02854
-0.0119567
0.497394
0.906427
1.17317
0.562676
0.122287
0.135513
0.213644
0.368831
0.426841
0.528462
0.282277
0.676964
0.122352
0.937564
1.07526
0.417887
0.279736
0.656886
0.309416
0.603057
0.76126
0.527525
0.658211
0.885078
0.944641
0.433117
0.622153
1.02057
0.342025
0.382969
0.521487
0.66602
0.867405
0.273713
0.599087
1.11626
0.526972
0.645135
0.789603
0.112616
0.898955
0.359723
1.40801
0.601084
1.18427
0.586313
0.979852
0.789396
0.443767
0.186501
0.889875
1.14082
0.0364587
0.44219
0.878651
-0.0865845
0.594219
0.742731
-0.365072
1.12102
0.683281
0.592937
0.0550923
0.0326762
0.417873
0.734852
0.244193
1.14858
0.613322
0.819712
0.930076
0.687553
0.760526
1.02885
0.275922
0.410236
0.476782
0.942781
-0.300738
0.596272
0.0646038
-0.00752615
0.44634
0.301468
0.468391
0.392407
0.0264897
1.00917
0.290506
0.626757
0.48015
0.133558
-0.0384785
0.333354
0.882921
0.991677
0.0154363
0.792242
0.679633
0.811368
0.074408
-0.0258024
0.879409
1.22455
1.09737
0.462641
0.943884
0.284612
0.422028
0.518392
0.960449
0.649672
0.676636
0.47329
0.574626
0.624455
0.370201
-0.0160114
0.32027
0.0697318
0.154808
0.554197
0.579257
0.33803
0.20269
0.75373
0.868577
0.702835
0.138643
0.957383
0.528264
0.0122387
0.391381
1.05297
0.444844
1.15748
0.66819
0.657364
-0.0430625
1.00699
0.774057
0.494491
-0.0138983
0.443339
0.760528
-0.168583
0.902781
0.453959
0.0362946
0.923013
0.457662
0.0525628
0.51058
-0.0650032
0.0363279
0.974486
0.66057
0.616643
0.446496
0.96343
0.134536
0.480477
1.01107
0.250608
0.393703
0.257927
0.744083
0.505057
1.22764
1.04645
0.87754
0.186503
0.913711
1.07511
0.716824
0.263318
0.266886
1.22395
0.0934176
0.58037
0.612967
0.567127
0.314764
1.10453
0.554374
0.0214173
0.61455
0.777442
0.903115
0.462045
0.944255
0.916134
0.473877
0.714191
0.010629
0.657852
0.697391
0.356396
1.05556
0.655791
0.578743
0.116056
1.09646
0.452339
0.215651
0.554485
0.310982
0.100328
0.319952
0.414313
0.578749
0.610537
-0.125022
0.838523
0.539073
1.33713
0.359057
0.0390257
0.547522
0.540997
0.463147
0.48141
1.02376
0.445654
1.14363
0.445796
1.05716
0.810196
0.77686
0.390822
-0.196382
0.112613
0.411651
1.13767
0.43634
0.953758
0.543263
0.152983
0.733019
0.35617
0.173376
-0.254949
0.876997
0.332247
1.03181
1.06171
0.662402
0.890587
0.554018
0.0109801
0.583911
0.597918
0.659301
-0.273903
0.357412
0.622693
0.493341
0.701242
1.11847
0.914518
0.0956915
-0.0378498
0.47545
0.444993
0.906119
0.97803
0.234263
1.02305
-0.0290332
0.349551
0.453727
0.874374
0.376516
1.4838
0.534792
0.622722
0.129023
-0.128547
0.417877
0.769115
0.160047
0.357767
0.831385
0.818484
0.628366
0.0929507
-0.0610487
0.708063
0.554316
0.221356
0.372314
0.414275
0.173222
0.361586
0.212981
0.701234
0.274222
0.878791
0.814355
0.603426
0.569243
0.140577
1.05228
0.967351
0.909405
1.00364
0.487987
0.369156
1.09603
0.152705
0.741546
0.391773
0.456632
0.915272
0.791521
0.358213
-0.0219271
0.537756
0.167068
0.962404
0.151644
1.00754
0.268129
0.882662
1.32299
0.13977
0.82694
0.798008
0.276122
0.0728729
0.543071
1.0352
0.462907
0.760394
0.282016
0.0465789
0.325149
0.963153
0.465408
0.956424
0.0926386
0.831597
0.344663
0.484304
1.06309
0.372376
0.22535
0.235221
0.0907482
-0.178083
-0.189919
0.303936
0.440758
0.651405
0.232504
0.736025
0.190117
0.29524
0.633979
0.417097
0.205963
0.928612
1.26772
0.512104
0.875907
0.223183
0.291399
0.0616531
0.897948
0.148216
0.0487551
0.604144
0.338479
0.265879
0.732465
1.06467
0.0533863
0.379936
0.932451
0.738527
0.662286
0.849643
-0.173961
0.510126
0.235656
0.489917
0.69352
0.0481006
0.0615744
0.182561
0.943834
0.653715
0.181137
0.548447
0.565249
0.367251
0.641263
0.943798
0.883348
0.417202
-0.092363
0.586252
0.908094
0.602075
1.05885
0.882257
0.151129
0.992737
0.231904
0.139985
0.543515
-0.311613
0.0964201
0.737579
0.725158
0.485822
0.229867
0.258806
-0.011018
0.636083
-0.107357
1.0937
0.0796725
0.183024
0.64083
0.493631
0.871231
0.484642
-0.00728265
0.393758
0.651049
0.968438
0.874438
0.39766
0.929315
0.837936
0.658673
0.772276
1.02209
0.27538
0.445505
0.943907
0.0786563
0.435017
0.0912316
0.269851
0.512767
0.83619
0.697168
0.636205
0.0844672
0.322105
0.97927
0.547424
0.70129
0.538984
0.384403
-0.00354233
-0.0305989
0.761399
0.440466
0.190425
0.352645
0.315981
0.498528
0.539142
0.938309
0.298266
0.209986
0.387449
0.394337
0.813107
0.352067
0.75397
0.518161
0.328947
0.472521
0.824539
0.559534
0.0123245
0.901573
0.577753
0.498779
0.487417
0.0311342
0.491008
0.561079
0.417543
0.693525
0.439401
0.391856
0.513995
0.671918
0.822935
1.02967
0.732908
0.946691
0.436956
0.232437
0.133584
0.311992
0.442752
0.896014
0.104392
0.43701
0.571824
-0.228467
0.651582
0.814035
-0.190687
0.564662
0.272702
0.923149
0.274675
0.560152
0.238645
0.711781
1.01606
0.405932
0.0771254
0.939778
0.429072
0.354581
0.966024
1.23004
0.631551
0.851551
0.606207
0.365066
0.307923
0.381146
0.112056
0.526856
0.91346
0.779141
-0.429615
1.08669
0.5401
0.795543
0.472333
0.731193
0.810508
0.186115
-0.0294639
-0.0687159
0.736737
0.323573
0.817604
1.14057
1.13115
0.0299654
0.997941
0.46856
0.497974
0.237848
0.5328
0.433083
0.161679
0.410491
0.522037
0.934697
0.934785
0.282438
0.058401
0.39742
0.497989
1.04416
0.00580501
0.18716
0.133461
0.206356
1.02568
0.564146
1.05846
0.710095
0.599627
0.830679
0.749131
0.635466
0.42234
0.103475
1.00904
0.699648
0.559793
0.661316
-0.0806425
0.177446
0.309997
-0.0650033
0.617894
0.531543
0.0373545
0.896671
1.08145
0.540036
0.0419221
0.626504
0.615361
0.0728522
-0.0795939
0.819255
0.523603
0.386944
1.03119
0.311881
0.164951
0.296181
0.608967
0.266826
0.385298
0.30332
0.729219
0.813986
0.186852
0.899493
0.398044
1.27242
0.632988
0.482182
0.419474
0.441295
-0.100269
0.888185
0.138815
0.372994
1.19331
0.808487
0.20388
0.762805
1.38579
0.931974
0.767868
0.02337
1.05382
0.142533
0.977016
0.284547
-0.0448303
0.457962
0.552776
0.150553
1.04338
1.15447
0.651545
-0.229917
0.507115
0.177653
0.686234
1.07861
1.0543
0.674293
0.423542
0.57198
0.74381
0.145427
0.723195
0.704792
-0.0624591
-0.182194
0.239161
0.691812
0.357752
0.120663
-0.0512287
0.834613
0.110128
1.01825
1.2688
0.564951
-0.0586847
0.353569
1.02635
1.09677
0.193987
-0.0588192
0.540527
0.340177
0.870055
0.445329
1.08294
0.0930036
0.960337
0.00503357
-0.00224923
0.790181
0.925569
0.63462
0.6469
0.400348
1.03306
0.339542
0.203863
0.473225
0.376695
1.13548
0.680314
0.618547
0.490577
0.301295
0.203849
0.851072
0.826713
-0.287804
0.543045
0.0208307
-0.00512867
0.697001
0.0831189
0.273708
0.439802
0.0664034
0.923815
0.950143
0.631871
0.598516
0.354667
0.254882
0.576839
0.0519188
0.637159
0.738119
0.501342
0.607341
0.694247
0.898255
0.711356
0.41492
0.608368
1.30504
0.205476
0.679729
-0.0667793
1.12967
-0.0935872
0.3953
-0.0220891
0.0258957
0.616389
-0.349181
0.779198
0.729528
0.633298
0.923448
0.805267
0.855646
0.419189
0.569429
0.843718
0.32167
0.829865
0.684316
-0.0606321
-0.00617971
0.0369029
0.30076
0.913212
0.802733
0.351072
0.204882
0.461553
0.734338
-0.0615748
0.563431
0.165893
0.512592
0.921248
0.803654
0.17445
-0.0127031
0.406203
0.442305
0.410517
0.119886
0.517538
0.174973
0.0533175
0.270225
0.903056
0.773596
1.1928
0.35126
0.620488
1.0143
0.175454
1.09453
0.549499
0.0898381
0.649775
0.878642
0.506115
0.175137
0.543507
0.411744
-0.179236
0.434256
0.81869
0.609767
0.773081
0.266511
0.809236
-0.218265
-0.00956378
0.478058
0.795381
0.49178
0.42295
0.651174
0.189315
0.93772
0.358253
0.980625
0.442866
0.326799
0.0185633
-0.29669
0.511247
0.179481
0.725641
0.597171
0.703418
0.810361
1.09519
1.32751
0.312402
0.581409
0.693543
0.257808
1.14014
0.290726
0.930504
0.742302
0.722207
0.99107
0.256196
0.428165
-0.0755237
1.16292
0.204149
0.051345
0.585399
0.685635
0.617418
0.816722
0.820843
0.819326
0.874513
0.587416
0.0944098
0.376663
0.422352
0.936886
0.490119
0.388791
0.624167
0.201382
0.827374
0.441208
0.407157
0.675303
0.889537
0.558622
0.404506
0.0858982
0.882546
0.359936
0.358455
1.28666
0.324153
0.0657748
0.444712
0.248213
0.412968
0.668444
0.668408
0.730891
0.505184
0.696464
0.755317
0.46044
0.453469
0.57275
0.0937452
0.677341
-0.092648
0.851546
0.854318
0.44888
1.32755
-0.0188257
0.183665
1.17123
0.540573
0.973974
0.736666
0.366802
0.914188
1.0035
0.774132
1.05252
0.118608
0.255051
0.757782
0.426185
0.40506
0.650569
0.381117
0.260058
0.665443
0.585245
0.370481
0.0274385
0.273045
0.315107
1.00737
0.899613
0.403931
0.517249
0.471789
0.157747
0.196141
0.992828
1.07915
1.02854
-0.0780121
0.497394
0.906427
1.17317
0.562676
0.165581
0.135513
0.259502
0.368831
0.426841
0.540566
0.282277
0.676964
0.122352
0.937564
1.07526
0.417887
0.279736
0.656886
0.309416
0.603057
0.656304
0.527525
0.658211
0.885078
0.944641
0.433117
0.622153
1.02057
0.342025
0.408965
0.521487
0.788672
0.897432
0.273713
0.540222
1.12345
0.526972
0.691365
0.789603
0.112616
0.898955
0.377919
1.24368
0.601084
1.10724
0.586313
0.979852
0.924745
0.349441
0.186501
0.889875
1.14082
0.246882
0.44219
0.72311
-0.251097
0.419179
0.604521
-0.396759
1.12102
0.752225
0.592937
0.0550923
0.0326762
0.417873
0.734852
0.417769
1.14858
0.613322
0.819712
0.930076
0.808797
0.821253
0.904949
0.275922
0.410236
0.248592
0.942781
-0.300738
0.596272
0.0646038
-0.00752615
0.249984
0.301468
0.481867
0.255827
0.280967
1.00917
0.297793
0.868969
0.48015
0.0417526
-0.0384785
0.333354
0.98928
0.787788
0.151918
0.792242
0.679633
0.779386
0.0794133
-0.0258024
0.879409
1.22455
1.09737
0.716446
0.848831
0.284612
0.422028
0.568269
0.960449
0.36913
0.676636
0.47329
0.593449
0.624455
0.370201
-0.0160114
0.224777
0.0697318
0.115487
0.554197
0.579257
0.33803
0.20269
0.75373
0.868577
0.702835
0.307861
0.957383
0.554433
0.0122387
0.391381
1.05297
0.444844
1.15748
0.66819
0.68279
-0.143406
1.00699
0.590473
0.372583
-0.254083
0.443339
0.861797
-0.168583
0.902781
0.453959
0.0803445
1.04668
0.457662
0.0914268
0.458769
-0.0650032
-0.107878
0.974486
0.66057
0.616643
0.446496
0.96343
0.134536
0.480477
1.01107
0.218916
0.446523
0.257927
0.744083
0.505057
1.22764
1.04645
0.87754
0.186503
1.16262
1.07511
0.716824
0.263318
0.266886
1.22395
0.0934176
0.58037
0.612967
0.567127
0.314764
1.10453
0.554374
0.118893
0.629949
0.777442
0.903115
0.460514
0.944255
0.775687
0.473877
0.714191
0.010629
0.657852
0.697391
0.356396
1.03161
0.655791
0.578743
0.116056
1.09646
0.452339
0.215651
0.554485
0.310982
0.100328
0.270246
0.414313
0.578749
0.610537
-0.125022
0.838523
0.539073
1.46377
0.359057
0.0390257
0.547522
0.540997
0.463147
0.48141
1.02376
0.445654
1.14363
0.445796
1.01889
0.810196
0.77686
0.390822
-0.196382
0.112613
0.494388
1.13767
0.43634
0.953758
0.543263
0.152983
0.733019
0.35617
0.173376
-0.254949
0.810945
0.377387
1.03181
1.06171
0.737587
0.890587
0.554018
0.0109801
0.583911
0.597918
0.439169
-0.237814
0.357412
0.622693
0.493341
0.701242
1.11847
0.914518
0.0956915
-0.0378498
0.505884
0.448754
0.906119
0.97803
0.329862
1.02305
-0.0290332
0.349551
0.453727
0.874374
0.376516
1.4838
0.534792
0.622722
0.129023
-0.128547
0.417877
0.769115
0.160047
0.357767
0.831385
0.818484
0.628366
0.0929507
-0.0610487
0.708063
0.554316
0.221356
0.372314
0.414275
0.173222
0.467614
0.212981
0.701234
0.524941
0.878791
0.958113
0.603426
0.569243
0.140577
1.05228
0.967351
0.789429
1.00364
0.431206
0.369156
1.07995
0.0180455
0.741546
0.391773
0.456632
0.915272
0.822248
0.358213
-0.0219271
0.537756
0.167068
0.962404
0.151644
1.22655
0.0910696
0.882662
1.32299
0.13977
0.82694
0.699087
0.276122
0.0728729
0.543071
1.0352
0.462907
0.745779
0.282016
0.100025
0.325149
0.853342
0.465408
0.956424
0.0926386
0.796444
0.344663
0.639378
1.06309
0.372376
0.22535
0.235221
0.157671
-0.178083
-0.189919
0.303936
0.360001
0.651405
0.232504
0.736025
0.190117
0.29524
0.633979
0.561285
0.205963
0.928612
1.06981
0.658268
0.875907
0.223183
0.291399
0.0616531
0.897948
0.148216
0.0487551
0.604144
0.338479
0.124221
0.732465
1.06467
0.0533863
0.379936
0.932451
0.738527
0.662286
0.849643
-0.173961
0.510126
0.235656
0.489917
0.69352
0.0481006
0.0615744
0.182561
0.943834
0.653715
0.181137
0.590793
0.565249
0.367251
0.641263
0.943798
0.883348
0.417202
-0.092363
0.586252
0.908094
0.602075
1.05885
0.882257
0.151129
0.992737
0.231169
0.139985
0.543515
-0.311613
0.0964201
0.737579
0.997637
0.485822
0.229867
0.322096
-0.194142
0.636083
-0.107357
1.11437
0.0796725
0.165898
0.64083
0.493631
0.871231
0.613446
-0.00728265
0.393758
0.697939
0.968438
0.874438
0.387617
0.755857
0.837936
0.658673
0.772276
1.02209
0.27538
0.336454
0.803735
0.0786563
0.435017
0.0912316
0.269851
0.512767
0.83619
0.697168
0.636205
0.0844672
0.380358
0.97927
0.547424
0.913101
0.538984
0.384403
0.110653
-0.0305989
0.761399
0.440466
0.190425
0.352645
0.315981
0.498528
0.539142
0.938309
0.298266
0.209986
0.387449
0.394337
0.813107
0.352067
0.75397
0.518161
0.457256
0.472521
0.940446
0.712616
0.0123245
0.901573
0.577753
0.498779
0.426463
0.0311342
0.491008
0.561079
0.417543
0.693525
0.439401
0.391856
0.513995
0.671918
0.822935
1.02967
0.732908
0.946691
0.436956
0.232437
0.133584
0.395497
0.535055
0.896014
0.0813172
0.43701
0.777977
-0.228467
0.651582
0.897644
-0.190687
0.541184
0.272702
0.923149
0.274675
0.477963
0.238645
0.711781
0.988658
0.405932
0.0771254
0.939778
0.429072
0.354581
0.966024
1.22956
0.631551
0.851551
0.606207
0.365066
0.307923
0.381146
0.112056
0.526856
0.91346
0.893126
-0.429615
1.08669
0.466088
0.784266
0.472333
0.731193
0.593268
0.186115
-0.0294639
-0.0687159
0.736737
0.323573
0.817604
1.14057
1.13115
-0.0586158
0.995434
0.46856
0.497974
0.208218
0.677091
0.433083
0.161679
0.410491
0.522037
0.934697
0.934785
0.282438
0.058401
0.39742
0.527139
1.04416
0.00580501
0.18716
0.133461
0.206356
1.02568
0.564146
1.05846
0.710095
0.599627
0.830679
0.749131
0.635466
0.42234
0.103475
1.00904
0.699648
0.559793
0.65789
-0.0806425
0.202263
0.309997
-0.0650033
0.617894
0.531543
0.0373545
0.797636
1.08145
0.540036
0.0419221
0.626504
0.615361
0.0731468
-0.0795939
0.819255
0.523603
0.386944
1.04361
0.311881
0.325536
0.296181
0.608967
0.266826
0.434722
0.30332
0.729219
0.813986
0.186852
0.899493
0.398044
1.27242
0.632988
0.482182
0.419474
0.441295
-0.100269
0.888185
0.138815
0.372994
1.19331
0.801239
0.20388
0.762805
1.33531
0.931974
0.767868
0.02337
1.05382
0.142533
0.977016
0.284547
-0.0448303
0.680628
0.552776
0.378605
1.04338
1.15447
0.651545
-0.229917
0.507115
0.177653
0.648991
1.07861
1.0543
0.674293
0.423542
0.57198
0.74381
0.145427
0.916838
0.704792
-0.0624591
-0.182194
0.239161
0.691812
0.357752
0.162706
-0.0512287
0.834613
0.110128
0.932099
1.2688
0.678724
-0.0586847
0.353569
1.02635
1.09677
0.193987
-0.0588192
0.540527
0.340177
0.870055
0.445329
1.08392
0.0930036
0.960337
0.00503357
-0.00224923
0.790181
0.925569
0.61169
0.6469
0.327995
1.03306
0.339542
0.203863
0.473225
0.3878
1.13548
0.768033
0.618547
0.490577
0.301295
0.203849
0.851072
0.826713
-0.287804
0.707102
-0.0674854
-0.00512867
0.697001
0.0831189
0.273708
0.439802
0.0664034
0.923815
0.950143
0.631871
0.598516
0.385214
0.254882
0.576839
0.0519188
0.637159
0.738119
0.501342
0.607341
0.698542
0.898255
0.864837
0.41492
0.608368
1.30504
0.205476
0.679729
-0.0667793
1.12967
-0.0935872
0.3953
-0.0220891
0.0258957
0.569123
-0.349181
0.779198
0.729528
0.633298
0.923448
0.805267
0.855646
0.419189
0.718356
0.843718
0.32167
0.829865
0.58695
-0.0606321
-0.00617971
0.0369029
0.30076
0.913212
0.802733
0.351072
0.204882
0.461553
0.734338
0.140748
0.551337
0.165893
0.512592
0.921248
0.803654
0.0375072
-0.0340079
0.406203
0.442305
0.410517
0.119886
0.338224
0.174973
0.0533175
0.270225
0.903056
0.780302
1.41851
0.35126
0.620488
1.0143
0.175454
1.09453
0.549499
0.0898381
0.649775
0.878642
0.506115
0.175137
0.336833
0.411744
-0.179236
0.434256
0.81869
0.631065
0.773081
0.266511
0.809236
-0.218265
-0.00956378
0.478058
0.795381
0.49178
0.330452
0.651174
0.189315
1.06743
0.358253
0.959028
0.442866
0.326799
0.0185633
-0.29669
0.262167
0.179481
0.725641
0.597171
0.703418
0.810361
1.09519
1.16121
0.312402
0.581409
0.693543
0.285181
1.14014
0.4015
0.930504
0.78296
0.556144
0.881413
0.256196
0.428165
-0.0755237
1.16292
0.204149
-0.0625114
0.556703
0.685635
0.617418
0.816722
0.820843
0.819326
0.874513
0.578535
0.0944098
0.56969
0.422352
0.851852
0.453689
0.388791
0.624167
0.201382
0.827374
0.441208
0.407157
0.809631
0.889537
0.558622
0.404506
-0.00808075
0.882546
0.32254
0.389945
1.28666
0.324153
0.0657748
0.444712
0.248213
0.412968
0.668444
0.668408
0.730891
0.505184
0.696464
0.755317
0.46044
0.453469
0.57275
0.0937452
0.677341
-0.126145
0.851546
0.854318
0.44888
1.32755
-0.0188257
0.183665
1.01601
0.540573
0.973974
0.736666
0.366802
0.914188
1.0035
0.774132
1.05252
0.118608
0.255051
0.670933
0.426185
0.40506
0.650569
0.581677
0.260058
0.665443
0.585245
0.370481
0.127516
0.273045
0.315107
1.00737
0.899613
0.403931
0.485837
0.339596
0.252946
0.110522
0.992828
1.07915
1.02854
-0.0780121
0.497394
0.906427
1.17317
0.562676
0.165581
0.135513
0.0475604
0.368831
0.426841
0.528462
0.282277
0.676964
0.122352
0.937564
1.07526
0.417887
0.279736
0.656886
0.309416
0.603057
0.76126
0.527525
0.658211
0.885078
0.944641
0.433117
0.622153
1.02057
0.342025
0.382969
0.521487
0.66602
0.867405
0.273713
0.599087
1.12345
0.526972
0.645135
0.789603
0.112616
0.898955
0.359723
1.31929
0.601084
1.18427
0.586313
0.979852
0.789396
0.349441
0.186501
0.889875
1.14082
0.246882
0.44219
0.878651
-0.251097
0.594219
0.604521
-0.396759
1.12102
0.752225
0.592937
-0.06324
0.0326762
0.530507
0.734852
0.381317
1.22379
0.613322
0.890331
0.930076
0.808797
0.760526
0.911508
0.275922
0.410236
0.265033
0.942781
-0.300738
0.596272
-0.0820501
-0.00752615
0.316399
0.301468
0.425276
0.280296
0.129017
1.00917
0.297793
0.626757
0.324644
0.0293458
-0.0917598
0.134251
0.86494
0.787788
-0.16753
0.993622
0.679633
0.962525
0.0794133
-0.0548789
0.879409
1.22455
1.09737
0.442472
0.943884
0.284612
0.422028
0.568269
0.960449
0.408215
0.605207
0.47329
0.595897
0.624455
0.370201
0.0882044
0.284962
0.0697318
0.310064
0.755175
0.579257
0.39217
-0.0174884
0.804629
0.868577
0.670399
-0.0155855
0.854597
0.528264
0.0122387
0.391381
1.05297
0.28316
1.15748
0.585214
0.657364
-0.124341
1.13302
0.843176
0.494491
-0.0138983
0.443339
0.760528
0.151323
1.14472
0.453959
0.0362946
0.923013
0.457662
0.0525628
0.540084
-0.0636022
0.0363279
0.974486
0.6701
0.753808
0.446496
0.96343
0.134536
0.480477
1.03969
0.234318
0.393703
0.431305
0.538345
0.505057
1.03558
1.04645
0.93708
0.186503
0.724605
1.22001
0.716824
0.263318
0.31757
1.10354
0.0934176
0.58037
0.612967
0.629327
0.348029
1.13454
0.554374
0.0214173
0.61455
0.777442
0.903115
0.462045
0.944255
0.916134
0.473877
0.714191
0.010629
0.657852
0.697391
0.499512
1.05556
0.79995
0.578743
0.116056
1.09646
0.237526
0.326912
0.536949
0.310982
0.320868
0.319952
0.592347
0.578749
0.613709
-0.18301
0.70829
0.539073
1.33713
0.359057
0.0390257
0.547522
0.447889
0.463147
0.425016
0.949285
0.445654
1.14363
0.465602
1.05716
0.687421
1.05344
0.528835
-0.196382
0.112613
0.423627
1.13767
0.496244
0.953758
0.489156
-0.0369399
0.733019
0.53877
0.173376
-0.0954152
0.876997
0.332247
1.03181
1.06171
0.672827
0.879668
0.554018
0.0109801
0.583911
0.597918
0.659301
-0.273903
0.556215
0.569646
0.371154
0.701242
1.02685
0.914518
0.18317
-0.0378498
0.47545
0.382654
0.906119
0.97803
0.234263
0.843235
-0.0290332
0.41673
0.453727
0.89255
0.463885
1.57214
0.534792
0.622722
0.120938
-0.156935
0.417877
0.769115
0.160047
0.447011
0.831385
0.818484
0.628366
0.0929507
-0.0610487
0.870271
0.554316
0.112158
0.372314
0.371973
0.197675
0.299876
0.212981
0.550216
0.230636
0.878791
0.814355
0.603426
0.569243
0.263198
1.05228
0.935006
0.979874
1.05478
0.487987
0.619993
1.31908
0.152705
0.84318
0.453379
0.456632
0.878443
1.06121
0.358213
0.0184019
0.787531
0.0856699
1.19843
0.182929
1.00754
0.268129
0.961147
1.32299
0.13977
0.82694
0.798008
0.332286
0.0728729
0.379915
1.0352
0.462907
0.760394
0.282016
0.0465789
0.325149
1.06102
0.465408
0.868947
0.0926386
0.831597
0.330471
0.484304
1.20516
0.425423
-0.0392308
0.235221
-0.0374814
-0.013326
-0.147034
0.303936
0.0388458
0.651405
0.364498
0.537831
0.316186
0.22621
0.77814
0.604091
0.214346
0.931119
1.16969
0.413443
0.875907
0.314298
0.39246
0.0616531
0.897948
-0.111285
0.0753222
0.604144
0.236003
0.265879
0.732465
1.06467
0.0533863
0.379936
0.932451
0.738527
0.662286
0.849643
-0.173961
0.514465
0.235656
0.632889
0.69352
0.0481006
0.0615744
0.182561
0.943834
0.653715
0.347929
0.590793
0.565249
0.367251
0.585074
0.943798
0.883348
0.417202
-0.092363
0.586252
0.908094
0.602075
1.05885
0.882257
0.151129
0.992737
0.231169
0.139985
0.543515
-0.311613
0.0964201
0.737579
0.997637
0.485822
0.229867
0.322096
-0.194142
0.636083
-0.107357
1.11437
0.0796725
0.165898
0.64083
0.493631
0.871231
0.613446
-0.00728265
0.393758
0.697939
0.968438
0.874438
0.387617
0.755857
0.837936
0.658673
0.772276
1.02209
0.27538
0.336454
0.803735
0.0786563
0.435017
0.0912316
0.269851
0.512767
0.83619
0.697168
0.636205
0.0844672
0.380358
0.97927
0.547424
0.913101
0.538984
0.384403
0.110653
-0.0305989
0.761399
0.440466
0.190425
0.352645
0.315981
0.498528
0.539142
0.938309
0.298266
0.209986
0.387449
0.394337
0.655333
0.352067
0.683671
0.518161
0.457256
0.472521
0.84937
0.712616
0.0123245
0.901573
0.749216
0.498779
0.432531
0.0311342
0.491008
0.561079
0.417543
0.693525
0.439401
0.391856
0.513995
0.671918
0.822935
0.905315
0.732908
0.946691
0.436956
0.232437
0.133584
0.395497
0.535055
0.962833
0.0813172
0.278734
0.777977
-0.195575
0.651582
0.897644
-0.190687
0.541184
0.272702
0.923149
0.274675
0.477963
0.286955
0.711781
0.988658
0.405932
0.0771254
0.939778
0.429072
0.354581
0.966024
1.22956
0.806543
0.851551
0.606207
0.214704
0.365508
0.227709
0.112056
0.698357
0.91346
0.893126
-0.480242
1.0629
0.466088
0.784266
0.472333
0.731193
0.339689
0.396039
-0.0294639
-0.155032
0.829572
0.323573
0.817604
1.1138
1.13115
-0.0477912
0.995434
0.509994
0.497974
0.208218
0.677091
0.433083
0.161679
0.410491
0.522037
0.934697
0.934785
0.282438
0.058401
0.39742
0.527139
1.04416
0.00580501
0.144126
0.133461
0.206356
1.02568
0.564146
0.95314
0.710095
0.599627
0.830679
0.749131
0.635466
0.42234
0.103475
1.00904
0.699648
0.559793
0.65789
-0.0806425
0.361501
0.309997
-0.0650033
0.515172
0.587674
0.0373545
0.797636
1.08145
0.540036
0.0419221
0.626504
0.615361
0.0383457
-0.0795939
0.819255
0.553438
0.363023
1.04361
0.0807058
0.325536
0.185523
0.608967
0.179272
0.434722
0.30332
0.865619
0.813986
0.186852
0.899493
0.398044
1.11045
0.632988
0.502531
0.419474
0.441295
0.11519
0.888185
0.138815
0.372994
1.25355
0.713526
0.22116
0.762805
1.33531
0.931974
0.613934
0.0306316
1.05382
0.142533
1.14595
0.284547
-0.0448303
0.664113
0.552776
0.378605
1.09444
1.15447
0.655012
-0.229917
0.507115
0.177653
0.648991
1.0576
1.0543
0.674293
0.423542
0.57198
0.74381
0.145427
0.916838
0.797515
-0.0624591
-0.182194
0.239161
0.790994
0.373968
0.162706
-0.0512287
0.834613
0.110128
0.932099
1.2688
0.678724
-0.0688257
0.353569
0.892548
1.09677
0.193987
-0.0588192
0.435798
0.340177
0.804949
0.445329
1.08392
0.0930036
0.960337
0.00503357
-0.00224923
0.851918
0.925569
0.61169
0.433245
0.108614
0.920083
0.339542
0.203863
0.473225
0.352314
1.15622
0.810892
0.618547
0.490577
0.302298
0.203849
0.851072
0.946595
-0.287804
0.707102
-0.195521
-0.00512867
0.697001
0.0831189
0.273708
0.439802
0.332041
1.00764
0.950143
0.631871
0.598516
0.385214
0.255404
0.684154
0.0519188
0.637159
0.738119
0.501342
0.607341
0.698542
0.898255
0.864837
0.41492
0.34181
1.30504
0.254883
0.679729
-0.0667793
1.12967
-0.0935872
0.3953
0.0711414
0.15001
0.711602
-0.349181
0.779198
0.729528
0.633298
0.923448
0.805267
0.855646
0.419189
0.576811
0.843718
0.32167
1.20282
0.58695
-0.0606321
-0.00617971
0.0369029
0.30076
0.913212
0.802733
0.351072
0.204882
0.461553
0.734338
0.23178
0.551337
0.0277313
0.512592
0.921248
0.803654
0.0375072
-0.0340079
0.406203
0.442305
0.410517
0.119886
0.338224
0.174973
0.238385
0.270225
0.903056
0.780302
1.41851
0.35126
0.774631
1.00796
0.0703129
1.09453
0.549499
0.0898381
0.649775
0.878642
0.506115
0.175137
0.336833
0.375993
-0.179236
0.681528
0.886153
0.631065
0.773081
0.266511
0.809236
-0.218265
-0.00956378
0.22964
0.795381
0.43221
0.330452
0.651174
0.0985312
1.1001
0.358253
0.959028
0.442866
0.326799
0.0185633
-0.29669
0.262167
0.179481
0.725641
0.597171
0.703418
0.810361
1.09519
1.16121
0.485704
0.581409
0.693543
0.285181
1.14014
0.634626
0.930504
0.78296
0.556144
0.881413
0.256196
0.378979
-0.0755237
1.16292
0.160393
-0.0625114
0.556703
0.685635
0.435601
1.00971
0.820843
0.819326
0.874513
0.597953
0.194486
0.376663
0.422352
0.956678
0.490119
0.388791
0.624167
0.201382
0.827374
0.441208
0.407157
0.675303
0.889537
0.470307
0.404506
0.0858982
0.882546
0.391012
0.358455
1.28666
0.324153
0.0657748
0.457401
0.248213
0.412968
0.484502
0.604463
0.725712
0.467042
0.574801
0.755317
0.46044
0.453469
0.816112
-0.195933
0.741075
-0.092648
0.851546
0.854318
0.44888
1.32755
-0.0188257
-0.069793
1.17123
0.540573
0.998386
0.736666
0.366802
0.914188
0.900471
0.774132
1.02802
0.118608
0.255051
0.757782
0.426185
0.40506
0.650569
0.381117
0.260058
0.685137
0.585245
0.370481
0.0274385
0.381784
0.118754
1.00737
0.899613
0.403931
0.526329
0.471789
0.157747
-0.0639012
0.992828
1.07915
1.02854
-0.24597
0.497394
0.906427
1.17317
0.542922
0.165581
0.135513
0.259502
0.368831
0.426841
0.540566
0.271102
0.676964
0.122352
1.15009
1.12751
0.417887
0.279736
0.656886
0.338654
0.603057
0.82137
0.6434
0.770468
0.885078
0.944641
0.433117
0.683875
1.02057
0.290733
0.546303
0.521487
0.788672
0.897432
0.396492
0.540222
1.12345
0.776384
0.96279
0.738973
0.112616
0.898955
0.377919
1.33943
0.601084
1.10724
0.586313
0.979852
0.96087
0.349441
0.186501
0.889875
1.24365
0.246882
0.44219
0.734871
-0.251097
0.419179
0.604521
-0.396759
1.12102
0.752225
0.592937
0.0550923
0.0326762
0.417873
0.734852
0.417769
1.14858
0.613322
0.819712
0.930076
0.808797
1.00732
0.904949
0.275922
0.410236
0.248592
0.942781
-0.300738
0.596272
0.0646038
-0.00752615
0.249984
0.301468
0.233139
0.255827
0.280967
1.00917
0.297793
1.15253
0.526442
0.0417526
-0.0384785
0.41794
0.98928
0.82339
0.151918
0.825749
0.679633
0.779386
0.0794133
-0.0258024
0.879409
1.22455
1.09737
0.716446
0.848831
0.284612
0.597488
0.568269
0.960449
0.36913
0.676636
0.47329
0.593449
0.624455
0.340039
-0.0160114
0.224777
0.0920699
0.115487
0.668754
0.579257
0.33803
0.20269
0.75373
0.868577
0.702835
0.307861
0.957383
0.554433
0.0122387
0.391381
1.05297
0.444844
1.15748
0.66819
0.68279
0.00338188
1.00699
0.590473
0.372583
-0.254083
0.452807
0.861797
-0.168583
0.902781
0.453959
0.0803445
1.04668
0.457662
0.0914268
0.458769
-0.0650032
-0.107878
1.12903
0.66057
0.616643
0.446496
0.96343
0.134536
0.480477
1.01107
0.218916
0.446523
0.257927
0.744083
0.505057
1.22764
1.04645
0.87754
0.186503
1.16262
1.07511
0.716824
0.263318
0.266886
1.22395
0.0934176
0.58037
0.612967
0.567127
0.260796
1.10453
0.554374
0.118893
0.629949
0.777442
0.903115
0.508497
0.944255
0.775687
0.473877
0.797074
0.010629
0.657852
0.697391
0.356396
1.03161
0.597674
0.578743
0.116056
1.09646
0.452339
0.215651
0.554485
0.310982
0.100328
0.202671
0.414313
0.374607
0.610537
-0.125022
0.838523
0.539073
1.46377
0.359057
-0.0548214
0.547522
0.540997
0.463147
0.397088
1.02376
0.445654
1.14363
0.445796
1.01619
0.810196
0.77686
0.390822
-0.196382
0.112613
0.494388
1.13767
0.271227
0.953758
0.543263
0.152983
0.733019
0.35617
0.173376
-0.254949
0.810945
0.377387
1.00592
1.06171
0.737587
0.890587
0.554018
-0.061512
0.472596
0.597918
0.439169
-0.237814
0.357412
0.622693
0.493341
0.741514
1.22967
0.914518
0.0956915
0.185954
0.505884
0.391169
0.906119
0.97803
0.329862
1.02305
-0.0290332
0.349551
0.453727
1.0741
0.376516
1.4838
0.73594
0.622722
0.154053
-0.128547
0.417877
0.769115
0.00663292
0.357767
0.831385
0.818484
0.663979
0.0929507
-0.0610487
0.708063
0.554316
0.221356
0.372314
0.685942
0.173222
0.467614
0.212981
0.701234
0.501464
0.878791
0.82895
0.603426
0.569243
0.140577
1.05228
0.967351
0.649416
1.00364
0.431206
0.369156
1.07995
0.0180455
0.890033
0.391773
0.456632
0.915272
0.822248
0.372072
-0.00207706
0.537756
0.167068
0.962404
0.151644
1.38835
0.0847215
0.882662
1.19139
-0.0280408
0.904427
0.699087
0.276122
0.0728729
0.543071
1.15963
0.462907
0.745779
0.282016
0.100025
0.325149
0.853342
0.411027
0.956424
0.0926386
0.796444
0.484707
0.639378
1.06309
0.199731
0.22535
0.235221
0.157671
-0.178083
-0.189919
0.303936
0.360001
0.651405
0.147711
0.787847
0.190117
0.29524
0.667117
0.561285
0.205963
0.928612
1.14044
0.658268
0.875907
0.223183
0.291399
0.270229
0.897948
0.0219879
0.0487551
0.604144
0.338479
0.124221
0.732465
0.905858
0.0533863
0.367389
0.932451
0.567669
0.305066
0.849643
0.0433329
0.406102
0.275861
0.489917
0.580148
0.0481006
0.0615744
0.163184
1.11921
0.653715
0.181137
0.522242
0.565249
0.367251
0.641263
0.793002
0.960215
0.0901868
-0.092363
0.586252
0.64135
0.602075
1.05885
0.844956
0.251774
0.992737
0.231904
0.139985
0.543515
-0.311613
0.0964201
0.737579
0.950961
0.446269
0.157613
0.258806
-0.169152
0.718391
-0.107357
1.12564
-0.121935
0.183024
0.64083
0.51457
0.959204
0.510987
-0.00728265
0.393758
0.651049
0.718921
0.946164
0.39766
1.15645
0.837936
0.744224
0.629315
1.14301
0.27538
0.445505
1.02373
0.0786563
0.435017
0.0912316
0.305826
0.512767
0.83619
0.697168
0.636205
0.056605
0.528188
0.954493
0.547424
0.70129
0.538984
0.384403
-0.0452263
0.0580501
0.761399
0.363604
0.190425
0.274252
0.212691
0.498528
0.539142
0.938309
0.365094
0.280069
0.387449
0.394337
0.721743
0.352067
0.75397
0.498857
0.377049
0.472521
0.824539
0.559534
-0.304007
0.804739
0.577753
0.404135
0.653253
0.0311342
0.491008
0.561079
0.417543
0.693525
0.439401
0.628785
0.364672
0.671918
0.822935
1.02967
0.579924
0.946691
0.436956
0.281819
0.240111
0.311992
0.184685
0.896014
0.328817
0.43701
0.571824
-0.369833
0.651582
0.814035
-0.190687
0.398035
0.41476
0.923149
0.274675
0.560152
0.138742
0.711781
1.01606
0.440148
0.194153
1.04568
0.429072
0.354581
1.08354
1.23004
0.631551
0.851551
0.633288
0.214529
0.481389
0.295008
0.261519
0.626296
0.91346
0.779141
-0.429615
0.965306
0.365295
0.924302
0.472333
0.828397
0.904608
0.197356
-0.0685087
-0.0687159
0.736737
0.323573
0.817604
1.14057
1.13115
0.0890677
1.08442
0.46856
0.626048
0.237848
0.398502
0.433083
0.235819
0.342159
0.49393
0.916011
0.934785
0.282438
-0.193121
0.39742
0.497989
1.24717
-0.108673
0.403163
0.133461
0.20211
1.02568
0.564146
1.05846
0.882212
0.512185
0.830679
0.847269
0.576754
0.42234
0.103475
1.00904
0.797839
0.559793
0.608787
-0.0806425
0.0228104
0.370478
-0.231593
0.518132
0.531543
0.0373545
0.896671
1.21796
0.540036
0.0419221
0.626504
0.615361
0.2076
-0.0225263
0.819255
0.561799
0.386944
0.831438
0.548744
0.326959
0.296181
0.608967
0.266826
0.385298
0.350848
0.729219
0.724794
0.186852
0.810164
0.397509
1.27242
0.632988
0.482182
0.419474
0.462081
0.0603427
0.765334
0.138815
0.372994
1.24484
0.808487
-0.0649626
1.06517
1.38579
1.17514
0.901862
0.02337
1.05382
0.150585
0.977016
0.459436
-0.110713
0.457962
0.552776
-0.044019
1.04338
1.15447
0.863836
-0.282644
0.507115
0.497466
0.686234
1.07861
1.08575
0.747472
0.51618
0.723421
0.74381
-0.0469393
0.768749
0.704792
-0.0624591
-0.182194
0.153332
0.74822
0.37363
0.120663
0.0785838
0.834613
0.110128
1.09489
1.13055
0.564951
-0.0555589
0.353569
1.02635
0.994164
0.181412
-0.0588192
0.435321
0.340177
0.990996
0.445329
1.42349
-0.113215
0.904319
0.161183
0.186682
0.790181
0.925569
0.63462
0.555917
0.400348
1.03632
0.323154
0.240798
0.349904
0.342537
1.13548
0.839954
0.618547
0.490577
0.442082
0.203849
0.851072
0.826713
-0.453926
0.543045
0.0208307
-0.00512867
0.697001
-0.0245852
0.118948
0.439802
0.0664034
0.923815
0.949047
0.514288
0.598516
0.390795
0.254882
0.576839
0.0519188
0.637159
0.738119
0.224389
0.607341
0.447943
0.898255
0.828596
0.488667
0.639823
1.11214
0.205476
0.551765
-0.0209161
0.853589
-0.0935872
0.3953
-0.204846
0.0258957
0.634595
-0.4523
1.10993
0.953498
0.633298
0.923448
0.805267
0.855646
0.391468
0.569429
0.783957
0.32167
0.829865
0.684316
-0.0606321
-0.00617971
0.0847402
0.218845
0.91324
0.802733
0.351072
0.0628432
0.474789
0.734338
-0.0615748
0.45192
0.273029
0.512592
0.921248
0.803654
0.17445
0.082617
0.406203
0.39065
0.410517
0.149874
0.517538
0.174973
0.0533175
0.269119
0.903056
0.773596
1.30852
0.35126
0.620488
1.0143
0.175454
1.09453
0.549499
0.059298
0.709963
0.878642
0.506115
0.175137
0.597236
0.411744
-0.179236
0.434256
0.81869
0.609767
0.773081
0.266511
0.809236
-0.218265
-0.00956378
0.514478
0.787352
0.49178
0.42295
0.56281
0.189315
0.974907
0.358253
1.17069
0.442866
0.326799
0.0185633
-0.29669
0.511247
0.231827
0.725641
0.597171
0.703418
0.810361
0.997139
1.32751
0.202592
0.651547
0.693543
0.257808
1.14014
0.290726
0.930504
0.742302
0.722207
0.99107
0.256196
0.428165
-0.0755237
1.16292
0.204149
0.0773701
0.585399
0.685635
0.617418
0.816722
0.820843
0.926741
1.01201
0.587416
0.0944098
0.376663
0.422352
0.936886
0.644476
0.388791
0.714425
0.201382
0.827374
0.441208
0.407157
0.675303
0.889537
0.630737
0.404506
0.0858982
1.01233
0.473831
0.358455
1.28666
0.324153
0.221051
0.226537
0.153103
0.536923
0.668444
0.668408
0.730919
0.561259
0.696464
0.755317
0.611456
0.453469
0.57275
0.0937452
0.677341
-0.092648
0.793637
0.854318
0.228921
1.32755
-0.0188257
0.183665
1.20621
0.540573
1.10206
0.603065
0.366802
0.914188
1.0035
0.732535
1.05252
0.02185
0.212169
0.864955
0.426185
0.586398
0.584848
0.359367
0.271641
0.728865
0.585245
0.326262
0.0274385
0.334115
0.315107
1.09424
0.899613
0.17566
0.701247
0.720945
0.157747
0.124874
0.964269
0.980786
1.02854
-0.0780121
0.668592
0.906427
1.33954
0.562676
0.165581
0.135513
0.259502
0.368831
0.426841
0.46307
0.282277
0.877465
-0.0295748
0.937564
1.08045
0.417887
0.279736
0.390153
0.309416
0.603057
0.269853
0.527525
0.658211
0.885078
0.944641
0.433117
0.622153
1.02057
0.342025
0.408965
0.521487
0.788672
0.897432
0.103191
0.540222
1.12345
0.526972
0.691365
0.789603
0.112616
0.744239
0.377919
1.33908
0.601084
1.06424
0.586313
0.979852
0.924745
0.349441
0.186501
0.889875
1.14082
0.37443
0.605497
0.72311
-0.251097
0.43543
0.536579
-0.396759
0.997685
0.683281
0.592937
0.0550923
0.0326762
0.304487
0.734852
0.244193
1.14858
0.843411
0.819712
0.930076
0.687553
0.760526
0.960178
0.275922
0.565656
0.476782
0.942781
-0.300738
0.762206
0.247399
0.0168895
0.44634
0.301468
0.468391
0.392407
0.0264897
1.00917
0.290506
0.626757
0.48015
0.10229
-0.0384785
0.151265
0.954582
0.991677
0.0154363
0.792242
0.710325
0.811368
0.074408
-0.0258024
0.879409
1.03275
1.09737
0.462641
0.943884
0.284612
0.422028
0.518392
1.0347
0.65943
0.676636
0.47329
0.574626
0.624455
0.582522
-0.0160114
0.32027
0.0697318
0.154808
0.437518
0.579257
0.33803
0.381516
0.75373
0.868577
0.702835
0.138643
0.957383
0.84592
0.0122387
0.391381
1.21976
0.444844
1.15748
0.455397
0.657364
-0.0430625
0.85856
0.774057
0.542847
-0.0138983
0.579665
0.765021
-0.414472
0.902781
0.453959
0.0362946
0.923013
0.457662
0.0525628
0.45048
-0.0650032
0.0363279
0.849816
0.66057
0.616643
0.446496
0.96343
0.127826
0.480477
1.01107
0.250608
0.393703
0.257927
0.744083
0.505057
1.22764
1.04645
0.87754
0.186503
0.913711
1.07511
0.68042
0.316237
0.266886
1.22395
0.0934176
0.58037
0.612967
0.567127
0.314764
1.10453
0.554374
0.0214173
0.61455
0.693772
0.903115
0.560124
0.944255
0.916134
0.265999
0.714191
-0.110524
0.657852
0.697391
0.356396
1.09453
0.655791
0.578743
0.144286
1.10511
0.452339
0.215651
0.554485
0.310982
0.36116
0.319952
0.414313
0.568514
0.610537
-0.125022
0.800468
0.539073
1.33713
0.359057
0.0390257
0.615453
0.540997
0.463147
0.48141
1.10453
0.445654
0.938175
0.445796
1.05153
0.810196
0.798853
0.390822
-0.196382
0.112613
0.411651
1.13767
0.491781
0.953758
0.757224
0.115498
0.733019
0.35617
0.173376
-0.254949
0.876997
0.332247
0.891762
0.960947
0.662402
0.82647
0.520654
0.0109801
0.583911
0.597918
0.659301
-0.142087
0.357412
0.622693
0.493341
0.610189
1.11847
0.914518
0.0956915
-0.0378498
0.47545
0.444993
0.906119
0.962574
0.234263
1.02305
-0.0290332
0.349551
0.350442
0.874374
0.376516
1.4838
0.534792
0.597494
0.129023
0.028091
0.308774
0.769115
0.160047
0.341686
0.831385
0.818484
0.628366
0.0929507
-0.0610487
0.708063
0.58392
0.221356
0.372314
0.414275
0.363267
0.23029
0.212981
0.701234
0.274222
0.878791
0.814355
0.603426
0.569243
0.140577
1.05228
0.967351
0.909405
0.908178
0.371893
0.369156
1.09603
0.152705
0.744418
0.391773
0.456632
0.915272
0.763902
0.460876
-0.0219271
0.537756
0.167068
0.962404
0.151644
1.00754
0.268129
0.882662
1.32299
0.13977
0.789189
0.798008
0.171341
0.142426
0.475937
1.0352
0.462907
0.760394
0.294542
0.0465789
0.325149
0.963153
0.363148
0.956424
0.0926386
0.831597
0.344663
0.484304
1.06309
0.372376
0.22535
0.235221
0.0907482
-0.179372
-0.189919
0.303936
0.440758
0.651405
0.232504
0.736025
0.190117
0.291065
0.633979
0.417097
0.335882
0.871606
1.26772
0.512104
0.875907
0.223183
0.316702
-0.00824737
0.897948
0.148216
0.0487551
0.604144
0.338479
0.108252
0.732465
1.06467
0.0533863
0.379936
0.932451
0.738527
0.436806
0.849643
-0.173961
0.510126
0.235656
0.489917
0.69352
0.0330417
0.0615744
0.182561
1.05688
0.653715
0.181137
0.713965
0.565249
0.497423
0.641263
0.943798
0.883348
0.417202
-0.092363
0.586252
0.908094
0.602075
1.05885
0.882257
0.274311
1.23879
0.231904
0.143347
0.376528
-0.311613
-0.0225655
0.737579
0.725158
0.562422
0.232692
0.258806
0.160271
0.636083
-0.107357
1.0937
0.0796725
-0.171241
0.64083
0.643062
0.871231
0.484642
-0.00728265
0.393758
0.651049
0.968438
0.874438
0.39766
1.01452
0.837936
0.798607
0.772276
1.02209
0.27538
0.439967
0.850396
0.0402439
0.435017
0.0912316
0.269851
0.512767
0.984628
0.697168
0.636205
0.0844672
0.322105
0.924375
0.547424
0.403973
0.538984
0.208783
-0.00354233
-0.222307
0.761399
0.440466
0.190425
0.352645
0.315981
0.498528
0.50744
0.69889
0.298266
0.209986
0.387449
0.394337
0.813107
0.352067
0.75397
0.518161
0.328947
0.472521
1.07516
0.559534
0.0123245
1.01261
0.577753
0.498779
0.487417
0.0311342
0.556327
0.561079
0.417543
0.693525
0.439401
0.558585
0.667282
0.671918
0.822935
1.02967
0.732908
0.946691
0.193472
0.232437
0.133584
0.311992
0.442752
0.896014
0.171574
0.43701
0.571824
-0.228467
0.651582
0.814035
-0.190687
0.564662
0.272702
0.734615
0.344065
0.469019
0.238645
0.95721
1.01606
0.405932
0.0771254
0.939778
0.429072
0.173112
0.966024
1.23004
0.631551
0.840512
0.554049
0.365066
0.307923
0.381146
0.112056
0.526856
1.06881
0.779141
-0.333761
1.08669
0.65709
0.795543
0.472333
0.818679
0.810508
0.186115
-0.0294639
-0.0687159
0.736737
0.323573
0.765039
1.14057
1.13115
0.0299654
0.997941
0.46856
0.472594
0.431624
0.5328
0.433083
0.161679
0.410491
0.307449
0.934697
0.934785
0.282438
0.100993
0.39742
0.497989
1.13499
0.0852694
0.18716
0.133461
0.206356
1.02568
0.564146
1.05846
0.710095
0.599627
1.02075
0.723861
0.472401
0.42234
0.0504829
1.14079
0.613047
0.559793
0.661316
-0.0806425
0.177446
0.309997
-0.0650033
0.617894
0.531543
0.0373545
0.775872
1.11851
0.373445
0.0419221
0.626504
0.460244
0.0728522
-0.272306
0.819255
0.523603
0.236879
1.03119
0.311881
0.164951
0.409072
0.608967
0.266826
0.385298
0.30332
0.729219
0.813986
0.316411
0.899493
0.398044
1.43954
0.632988
0.445687
0.419474
0.434743
-0.100269
0.888185
0.138815
0.372994
1.10364
0.808487
0.167111
0.789024
1.38579
0.931974
0.795989
0.02337
1.05382
0.142533
1.02025
0.295079
-0.0448303
0.457962
0.552776
0.150553
1.10023
1.15447
0.651545
0.0231318
0.507115
0.219
0.686234
1.07861
1.0543
0.674293
0.544939
0.57198
0.74381
0.145427
0.587596
0.704792
0.0247154
-0.182194
0.239161
0.691812
0.357752
0.120663
-0.0512287
0.834613
0.110128
1.01825
1.19842
0.509755
-0.0586847
0.353569
1.04009
1.09677
0.193987
0.134564
0.540527
0.362445
0.638004
0.445329
1.08294
0.0930036
0.774191
-0.11265
0.111981
0.790181
0.925569
0.59985
0.6469
0.400348
1.03306
0.161783
0.203863
0.473225
0.376695
1.13548
0.679292
0.618547
0.457745
0.301295
0.203849
0.851072
0.875566
-0.287804
0.543045
-0.196434
-0.00512867
0.720116
0.0831189
0.273708
0.565209
0.0664034
0.923815
0.950143
0.678053
0.598516
0.354667
0.254882
0.576839
0.0519188
0.851475
0.738119
0.501342
0.607341
0.694247
0.898255
0.711356
0.41492
0.608368
1.30504
0.246825
0.679729
-0.0667793
1.10393
-0.0935872
0.409568
-0.0220891
0.0258957
0.392542
-0.349181
0.779198
0.729528
0.633298
0.993208
0.805267
0.855646
0.419189
0.569429
1.05305
0.32167
0.829865
0.638944
-0.0606321
-0.00617971
0.0369029
0.30076
0.916025
0.802733
0.351072
0.204882
0.461553
0.734338
-0.0615748
0.563431
0.165893
0.639331
0.921248
0.730408
0.17445
-0.0127031
0.406203
0.442305
0.410517
0.119886
0.517538
0.174973
0.0533175
0.270225
0.903056
0.773596
1.1928
0.35126
0.620488
0.959172
0.175454
1.05346
0.59351
0.0898381
0.649775
0.878642
0.506115
0.175137
0.543507
0.411744
-0.0977314
0.434256
1.05541
0.675411
0.773081
0.227446
0.809236
-0.0371317
-0.00956378
0.47267
0.864199
0.493909
0.497226
0.73694
0.189315
0.93772
0.358253
1.01621
0.442866
0.326799
0.160182
-0.081372
0.511247
0.0771445
0.725641
0.597171
0.477596
0.766412
1.09519
1.21967
0.312402
0.581409
0.693543
0.257808
1.14014
0.290726
0.930504
0.742302
0.722207
0.99107
0.256196
0.428165
-0.0755237
1.16292
0.204149
0.051345
0.564511
0.685635
0.617418
0.59244
0.846222
0.819326
0.874513
0.654462
0.0944098
0.612901
0.422352
0.851852
0.453689
0.285739
0.624167
0.201382
0.827374
0.441208
0.407157
0.809631
0.889537
0.558622
0.404506
-0.00808075
0.882546
0.32254
0.514367
1.28666
0.324153
0.0657748
0.444712
0.248213
0.412968
0.668444
0.7592
0.730891
0.505184
0.696464
0.755317
0.46044
0.453469
0.57275
0.0937452
0.677341
-0.126145
0.851546
0.854318
0.44888
1.32755
-0.173699
0.183665
1.10334
0.540573
0.973974
0.736666
0.366802
0.914188
1.2728
0.774132
1.05252
0.118608
0.255051
0.670933
0.426185
0.40506
0.650569
0.581677
0.260058
0.665443
0.585245
0.370481
0.127516
0.273045
0.315107
1.01046
0.899613
0.403931
0.485837
0.339596
0.252946
0.110522
0.992828
1.07915
1.02854
-0.0119567
0.497394
0.906427
1.17317
0.562676
0.122287
0.135513
0.213644
0.368831
0.426841
0.528462
0.282277
0.676964
0.122352
0.937564
1.07526
0.417887
0.263553
0.656886
0.309416
0.603057
0.76126
0.527525
0.658211
0.885078
0.944641
0.433117
0.622153
1.02057
0.342025
0.382969
0.521487
0.66602
0.867405
0.273713
0.599087
1.11626
0.526972
0.645135
0.789603
0.112616
0.661779
0.359723
1.40801
0.601084
1.18427
0.586313
0.979852
0.668219
0.443767
0.186501
0.889875
1.14082
0.0364587
0.44219
0.878651
-0.0865845
0.594219
0.742731
-0.570988
1.12102
0.683281
0.592937
0.0550923
0.259939
0.488819
0.734852
0.244193
1.14858
0.613322
0.819712
0.930076
0.687553
0.760526
1.02885
0.275922
0.410236
0.476782
0.942781
-0.300738
0.596272
0.0646038
-0.00752615
0.44634
0.301468
0.468391
0.392407
0.0264897
1.00917
0.290506
0.626757
0.48015
0.133558
-0.0384785
0.333354
0.882921
0.991677
0.0154363
0.792242
0.679633
0.811368
0.074408
-0.0258024
0.879409
1.22455
1.09737
0.462641
0.943884
0.284612
0.422028
0.518392
0.884531
0.649672
0.676636
0.47329
0.574626
0.624455
0.370201
-0.0160114
0.32027
0.0697318
0.154808
0.554197
0.579257
0.33803
0.20269
0.75373
0.884993
0.702835
0.138643
0.957383
0.376582
0.0122387
0.408294
1.05297
0.444844
1.15748
0.66819
0.657364
-0.0430625
1.00699
0.774057
0.494491
-0.0138983
0.443339
0.760528
-0.168583
0.902781
0.453959
0.0362946
0.800939
0.457662
0.0525628
0.51058
-0.0650032
0.0363279
0.974486
0.66057
0.616643
0.402677
0.96343
0.134536
0.480477
1.01107
0.250608
0.393703
0.225694
0.744083
0.293895
1.22764
1.04645
0.87754
0.186503
0.913711
1.07511
0.716824
0.263318
0.266886
1.22395
0.0934176
0.58037
0.612967
0.567127
0.314764
1.10453
0.554374
0.0214173
0.61455
0.777442
0.903115
0.702957
0.944255
0.916134
0.473877
0.714191
-0.0452576
0.657852
0.697391
0.356396
1.05556
0.655791
0.578743
0.116056
1.09646
0.452339
0.215651
0.292773
0.310982
0.100328
0.319952
0.414313
0.578749
0.610537
-0.125022
0.838523
0.539073
1.34281
0.359057
0.0390257
0.547522
0.540997
0.463147
0.48141
1.10103
0.445654
1.14363
0.32923
1.05716
0.810196
0.77686
0.390822
-0.196382
0.112613
0.411651
1.13767
0.43634
0.953758
0.543263
0.0238565
0.733019
0.35617
0.173376
-0.254949
0.876997
0.270219
1.03181
1.06171
0.662402
0.890587
0.554018
0.0109801
0.583911
0.591511
0.659301
-0.273903
0.42737
0.622693
0.493341
0.701242
1.11847
0.914518
0.0956915
-0.0378498
0.47545
0.444993
0.906119
0.97803
0.234263
1.02305
-0.0290332
0.233029
0.453727
0.874374
0.376516
1.4838
0.534792
0.622722
0.129023
-0.128547
0.417877
0.769115
0.160047
0.357767
0.831385
0.818484
0.628366
0.0929507
-0.0610487
0.708063
0.554316
0.221356
0.372314
0.414275
0.173222
0.361586
0.212981
0.701234
0.251136
0.878791
0.814355
0.574233
0.569243
0.140577
1.05228
0.967351
0.909405
1.00364
0.487987
0.369156
1.09603
0.152705
0.741546
0.391773
0.456632
0.915272
0.791521
0.358213
-0.0219271
0.537756
0.167068
0.962404
0.151644
1.00754
0.268129
0.882662
1.32299
0.13977
0.82694
0.798008
0.276122
0.0728729
0.543071
1.0352
0.462907
0.760394
0.191349
0.0465789
0.325149
0.871392
0.465408
0.956424
0.0926386
0.936107
0.344663
0.484304
1.06309
0.372376
0.22535
0.235221
0.0907482
-0.178083
-0.189919
0.303936
0.440758
0.651405
0.232504
0.736025
0.190117
0.29524
0.633979
0.417097
0.205963
0.671094
1.26772
0.512104
0.875907
0.223183
0.291399
0.0616531
0.897948
0.148216
0.0487551
0.604144
0.338479
0.265879
0.732465
1.06467
0.0533863
0.379936
0.932451
0.738527
0.662286
0.68697
-0.173961
0.510126
0.235656
0.489917
0.69352
0.0481006
0.0615744
0.182561
0.943834
0.653715
0.181137
0.548447
0.5531
0.367251
0.641263
0.943798
0.883348
0.417202
-0.092363
0.586252
0.908094
0.602075
1.05885
0.882257
0.151129
0.992737
0.144507
0.139985
0.543515
-0.311613
0.0964201
0.737579
0.725158
0.485822
0.229867
0.258806
-0.011018
0.636083
-0.107357
1.0937
0.0796725
0.183024
0.64083
0.493631
0.871231
0.484642
-0.00728265
0.393758
0.656786
0.968438
0.874438
0.39766
0.929315
0.837936
0.658673
0.772276
1.02209
0.27538
0.445505
0.943907
0.0786563
0.435017
0.0912316
0.374675
0.512767
0.83619
0.697168
0.636205
0.0844672
0.322105
0.97927
0.547424
0.70129
0.538984
0.384403
-0.00354233
-0.0305989
0.761399
0.440466
0.190425
0.352645
0.315981
0.498528
0.539142
0.938309
0.298266
0.0354083
0.387449
0.394337
0.813107
0.352067
0.75397
0.518161
0.328947
0.4962
0.824539
0.559534
0.0123245
0.901573
0.577753
0.498779
0.487417
0.0311342
0.491008
0.561079
0.417543
0.693525
0.439401
0.391856
0.513995
0.671918
0.822935
1.02967
0.732908
0.946691
0.436956
0.232437
0.133584
0.311992
0.442752
0.896014
0.104392
0.43701
0.571824
-0.228467
0.651582
0.814035
-0.190687
0.564662
0.272702
1.04648
0.274675
0.560152
0.238645
0.711781
1.01606
0.405932
0.0771254
0.939778
0.429072
0.354581
0.966024
1.23004
0.631551
0.851551
0.636841
0.365066
0.307923
0.381146
0.112056
0.526856
0.91346
0.779141
-0.429615
1.08669
0.5401
0.795543
0.472333
0.731193
0.84935
0.186115
-0.0294639
-0.0687159
0.736737
0.323573
0.825681
1.14057
1.13115
0.0299654
0.997941
0.46856
0.497974
0.237848
0.5328
0.433083
0.161679
0.410491
0.522037
0.934697
0.934785
0.282438
0.058401
0.3847
0.497989
1.04416
0.00580501
0.18716
0.133461
0.206356
0.883404
0.564146
1.05846
0.710095
0.599627
0.830679
0.749131
0.635466
0.42234
0.103475
1.00904
0.699648
0.559793
0.661316
-0.0806425
0.177446
0.309997
-0.0650033
0.575864
0.531543
0.0373545
0.896671
1.08145
0.540036
0.0419221
0.626504
0.615361
0.0728522
-0.0795939
0.819255
0.523603
0.386944
1.03119
0.311881
0.175141
0.296181
0.608967
0.266826
0.385298
0.30332
0.729219
0.813986
0.186852
0.899493
0.398044
1.27242
0.632988
0.288168
0.611198
0.441295
-0.100269
0.888185
0.138815
0.372994
1.19331
0.808487
0.20388
0.899061
1.38579
0.931974
0.767868
0.02337
1.05382
0.142533
0.977016
0.284547
-0.024877
0.457962
0.467192
-0.0851227
1.04338
1.15447
0.651545
-0.229917
0.507115
0.177653
0.686234
1.07861
1.0543
0.674293
0.423542
0.57198
0.74381
0.145427
0.723195
0.704792
-0.0624591
-0.182194
0.239161
0.691812
0.357752
0.120663
0.071869
0.834613
0.110128
1.01825
1.2688
0.564951
-0.0586847
0.353569
0.964401
1.09677
0.193987
-0.0588192
0.540527
0.340177
0.870055
0.445329
1.08294
0.0930036
0.960337
0.112771
-0.00224923
0.790181
0.925569
0.63462
0.6469
0.400348
1.03306
0.339542
0.203863
0.473225
0.376695
1.13548
0.680314
0.618547
0.490577
0.175425
0.21746
1.02026
0.826713
-0.287804
0.543045
0.0208307
-0.00512867
0.697001
0.0831189
0.273708
0.439802
0.0664034
0.923815
1.05917
0.631871
0.857855
0.354667
0.254882
0.576839
0.0519188
0.637159
0.738119
0.501342
0.607341
0.694247
0.898255
0.711356
0.41492
0.608368
1.30504
0.205476
0.679729
-0.0667793
1.12967
-0.0935872
0.3953
0.151116
0.199422
0.616389
-0.349181
0.779198
0.729528
0.633298
0.923448
0.805267
0.855646
0.419189
0.381638
0.726914
0.307429
0.829865
0.684316
-0.0606321
-0.00617971
0.0369029
0.30076
0.913212
0.802733
0.458066
0.204882
0.342327
0.734338
-0.0615748
0.563431
0.165893
0.512592
0.921248
0.803654
0.035454
-0.0127031
0.406203
0.442305
0.410517
0.119886
0.517538
0.174973
0.0533175
0.270225
0.903056
0.773596
1.1928
0.35126
0.620488
1.0143
0.175454
1.09453
0.549499
0.0898381
0.649775
0.878642
0.506115
0.175137
0.543507
0.411744
-0.179236
0.365828
0.81869
0.609767
0.727834
0.266511
0.809236
-0.218265
-0.00956378
0.478058
0.795381
0.49178
0.42295
0.651174
0.189315
0.93772
0.358253
0.980625
0.442866
0.326799
0.0185633
-0.0317554
0.511247
0.179481
0.725641
0.597171
0.703418
0.810361
1.09519
1.26642
0.312402
0.581409
0.693543
0.257808
1.14014
0.290726
0.930504
0.742302
0.722207
0.99107
0.256196
0.428165
-0.0755237
1.16292
0.204149
0.051345
0.585399
0.685635
0.617418
0.816722
0.820843
0.819326
0.874513
0.587416
0.0944098
0.376663
0.422352
0.724992
0.490119
0.388791
0.624167
0.201382
0.827374
0.441208
0.407157
0.675303
0.889537
0.558622
0.604132
0.0858982
0.882546
0.359936
0.358455
1.28666
0.324153
0.0657748
0.444712
0.248213
0.412968
0.668444
0.642464
0.730891
0.505184
0.609369
0.755317
0.46044
0.453469
0.57275
0.0937452
0.677341
-0.092648
0.874015
0.854318
0.44888
1.32755
-0.0188257
0.22698
1.17123
0.540573
0.973974
0.736666
0.366802
1.11716
1.0035
0.774132
1.05252
0.118608
0.255051
0.757782
0.426185
0.40506
0.58864
0.381117
0.260058
0.665443
0.585245
0.370481
0.0274385
0.273045
0.315107
1.00737
0.899613
0.403931
0.514688
0.527776
0.157747
0.196141
0.992828
1.07915
1.02854
-0.0780121
0.497394
0.906427
1.17317
0.302104
0.165581
0.135513
0.259502
0.307103
0.426841
0.540566
0.347539
0.676964
0.122352
0.937564
1.07526
0.417887
0.339129
0.656886
0.309416
0.603057
0.656304
0.527525
0.658211
0.885078
0.944641
0.433117
0.622153
1.02057
0.342025
0.408965
0.521487
0.788672
0.994539
0.273713
0.540222
1.12345
0.526972
0.691365
0.789603
0.112616
0.898955
0.377919
1.24368
0.693495
1.10724
0.586313
0.979852
0.924745
0.349441
0.186501
0.889875
1.14082
0.246882
0.44219
0.72311
-0.306393
0.419179
0.670865
-0.539428
1.12102
0.683281
0.592937
0.0550923
0.0326762
0.417873
0.734852
0.0951121
1.14858
0.613322
0.819712
0.930076
0.550451
0.760526
1.02885
0.275922
0.410236
0.476782
0.674747
-0.300738
0.596272
-0.0707718
-0.00752615
0.44634
0.301468
0.468391
0.392407
0.0264897
1.00917
0.290506
0.626757
0.48015
0.00531876
-0.0384785
0.333354
0.882921
0.991677
0.0154363
0.792242
0.679633
0.811368
0.074408
-0.0258024
0.754672
1.22455
1.09737
0.462641
0.943884
0.284612
0.422028
0.518392
0.960449
0.649672
0.676636
0.47329
0.574626
0.624455
0.370201
-0.0160114
0.32027
0.0697318
0.154808
0.554197
0.579257
0.33803
0.20269
0.75373
0.868577
0.702835
0.138643
0.685812
0.528264
0.0122387
0.391381
1.05297
0.444844
1.15748
0.66819
0.657364
-0.0430625
1.00699
0.774057
0.494491
-0.0138983
0.443339
0.760528
-0.168583
0.902781
0.453959
0.0362946
0.923013
0.457662
0.0525628
0.51058
-0.0650032
0.0363279
1.07393
0.407793
0.616643
0.630192
0.96343
0.134536
0.480477
1.01107
0.250608
0.393703
0.329429
0.744083
0.505057
1.22764
1.06883
0.87754
0.186503
0.913711
1.07511
0.716824
0.263318
0.266886
1.22395
0.171103
0.58037
0.612967
0.567127
0.314764
1.10453
0.554374
0.0214173
0.61455
0.777442
0.903115
0.462045
0.944255
0.992589
0.473877
0.714191
0.010629
0.657852
0.890707
0.356396
1.05556
0.655791
0.578743
0.116056
1.09646
0.452339
0.215651
0.573526
0.310982
-0.115159
0.319952
0.414313
0.578749
0.610537
-0.125022
0.838523
0.539073
1.48613
0.359057
0.0390257
0.547522
0.540997
0.463147
0.48141
1.02376
0.445654
1.14363
0.35818
1.05716
0.810196
0.77686
0.390822
-0.196382
0.112613
0.411651
1.13767
0.43634
0.953758
0.543263
0.152983
0.733019
0.35617
0.173376
-0.254949
0.876997
0.332247
1.1322
1.16468
0.662402
0.890587
0.758443
0.0501469
0.583911
0.597918
0.826971
-0.273903
0.357412
0.622693
0.493341
0.701242
1.11847
0.914518
0.0956915
-0.0378498
0.47545
0.444993
0.849201
0.97803
0.234263
1.02305
-0.0290332
0.349551
0.453727
0.874374
0.376516
1.4838
0.534792
0.622722
0.129023
-0.128547
0.622228
0.769115
0.160047
0.357767
0.831385
0.818484
0.628366
0.202247
-0.0610487
0.687247
0.554316
0.221356
0.372314
0.414275
0.173222
0.361586
0.212981
0.701234
0.274222
0.878791
0.814355
0.603426
0.569243
0.140577
1.05228
0.967351
0.909405
1.00364
0.487987
0.369156
1.09603
0.152705
0.741546
0.283001
0.456632
0.915272
0.791521
0.358213
-0.0219271
0.536547
0.167068
0.962404
0.174288
1.00754
0.268129
0.882662
1.32299
0.136262
0.82694
0.798008
0.276122
0.0728729
0.543071
1.0352
0.462907
0.823151
0.282016
0.0465789
0.325149
1.01386
0.465408
1.17645
0.0926386
0.831597
0.480982
0.484304
1.06309
0.372376
0.185802
0.235221
0.0907482
-0.178083
-0.189919
0.303936
0.440758
0.651405
0.259174
0.523514
0.190117
0.29524
0.563974
0.459312
0.273461
0.928612
1.19311
0.512104
0.875907
0.223183
0.291399
0.0616531
0.897948
0.148216
0.0487551
0.604144
0.338479
0.265879
0.732465
1.06467
0.0533863
0.379936
0.932451
0.738527
0.577741
0.849643
-0.173961
0.510126
0.235656
0.489917
0.69352
0.0481006
0.0615744
0.182561
0.943834
0.653715
0.181137
0.548447
0.565249
0.367251
0.641263
0.943798
0.883348
0.417202
-0.092363
0.586252
0.908094
0.602075
1.04754
0.781613
0.151129
0.992737
0.231904
0.139985
0.543515
-0.311613
0.0964201
0.737579
0.725158
0.485822
0.229867
0.18121
-0.125385
0.636083
-0.112993
1.0937
0.0796725
0.183024
0.64083
0.493631
0.871231
0.484642
-0.00728265
0.393758
0.651049
0.968438
0.874438
0.39766
1.01433
0.837936
0.658673
0.772276
1.02209
0.27538
0.445505
0.943907
0.0786563
0.498403
0.0912316
0.269851
0.512767
0.83619
0.697168
0.636205
0.0844672
0.322105
0.97927
0.547424
0.70129
0.538984
0.384403
-0.00354233
-0.0305989
0.761399
0.440466
0.190425
0.352645
0.315981
0.498528
0.539142
0.938309
0.298266
0.209986
0.387449
0.394337
0.813107
0.352067
0.75397
0.518161
0.328947
0.472521
0.824539
0.559534
0.0123245
0.901573
0.577753
0.498779
0.487417
0.0311342
0.491008
0.561079
0.417543
0.693525
0.439401
0.391856
0.376813
0.671918
0.822935
0.977503
0.732908
0.946691
0.436956
0.232437
0.133584
0.311992
0.442752
0.896014
0.104392
0.43701
0.571824
-0.228467
0.651582
0.814035
-0.190687
0.564662
0.272702
0.923149
0.274675
0.652346
0.238645
0.66093
1.01606
0.405932
0.0771254
0.787139
0.429072
0.419659
0.966024
1.23004
0.631551
0.851551
0.515812
0.365066
0.307923
0.381146
0.112056
0.526856
0.91346
0.779141
-0.429615
1.08669
0.5401
0.795543
0.472333
0.731193
0.872867
0.186115
-0.0294639
-0.0687159
0.736737
0.323573
0.817604
1.14057
1.13115
0.0299654
0.997941
0.46856
0.497974
0.237848
0.5328
0.433083
0.161679
0.410491
0.522037
0.934697
0.934785
0.282438
0.058401
0.39742
0.585205
1.04416
0.00580501
0.18716
0.403301
0.206356
1.02568
0.564146
1.05846
0.710095
0.599627
0.830679
0.826008
0.635466
0.42234
0.09738
1.00904
0.699648
0.559793
0.661316
-0.0806425
0.177446
0.309997
-0.114658
0.617894
0.531543
0.027708
0.896671
1.08145
0.540036
0.0419221
0.626504
0.615361
0.0728522
-0.0795939
0.819255
0.523603
0.386944
1.03119
0.311881
0.164951
0.296181
0.608967
0.178705
0.385298
0.30332
0.729219
0.813986
0.266991
0.899493
0.398044
1.27242
0.632988
0.482182
0.419474
0.441295
-0.100269
0.888185
0.231719
0.372994
1.19331
0.808487
0.20388
0.762805
1.38579
0.931974
0.767868
0.02337
1.05382
0.142533
0.977016
0.284547
-0.0448303
0.457962
0.54677
0.150553
1.04338
1.15447
0.677291
-0.229917
0.53122
0.177653
0.686234
1.05778
1.0543
0.674293
0.423542
0.57198
0.74381
0.145427
0.723195
0.704792
-0.0624591
-0.182194
0.220623
0.691812
0.357752
0.120663
-0.0512287
0.679552
0.110128
1.01825
1.2688
0.564951
-0.0586847
0.353569
1.02635
1.09677
0.193987
-0.0588192
0.540527
0.340177
0.886912
0.445329
1.08294
0.0930036
0.960337
0.00503357
-0.00224923
0.689251
0.925569
0.63462
0.6469
0.400348
1.03306
0.339542
0.203863
0.473225
0.376695
1.13548
0.680314
0.618547
0.283214
0.301295
0.203849
0.851072
0.826713
-0.287804
0.6043
0.0208307
-0.00512867
0.697001
0.0831189
0.273708
0.439802
0.0664034
0.923815
0.950143
0.631871
0.598516
0.354667
0.254882
0.576839
0.0519188
0.637159
0.738119
0.501342
0.607341
0.694247
0.898255
0.711356
0.41492
0.608368
1.30504
0.364639
0.679729
-0.0667793
1.12967
0.0241919
0.3953
-0.0220891
0.0258957
0.731808
-0.349181
0.779198
0.729528
0.633298
0.923448
0.805267
0.855646
0.419189
0.569429
0.843718
0.32167
0.829865
0.684316
-0.0606321
-0.00617971
0.0369029
0.30076
0.815711
0.684024
0.351072
0.204882
0.461553
0.734338
-0.0615748
0.563431
0.165893
0.512592
0.921248
0.803654
0.17445
-0.0127031
0.34991
0.442305
0.410517
0.119886
0.517538
0.174973
0.0533175
0.270225
0.903056
0.773596
1.28438
0.35126
0.620488
1.0143
0.175454
1.09453
0.549499
0.0898381
0.649775
0.878642
0.506115
0.175137
0.336833
0.411744
-0.179236
0.434256
0.81869
0.656934
0.773081
0.266511
0.809236
-0.218265
-0.00956378
0.478058
0.795381
0.49178
0.42295
0.693892
0.136347
1.06743
0.358253
0.980625
0.442866
0.326799
0.0185633
-0.484464
0.262167
0.179481
0.725641
0.597171
0.703418
0.810361
1.09519
1.16121
0.312402
0.581409
0.693543
0.285181
1.14014
0.4015
0.930504
0.78296
0.556144
0.881413
0.412019
0.428165
-0.0755237
1.16292
0.204149
0.051345
0.556703
0.685635
0.617418
0.618654
0.820843
0.819326
0.671774
0.578535
0.0944098
0.56969
0.422352
0.851852
0.453689
0.388791
0.66819
0.201382
0.827374
0.441208
0.407157
0.675303
0.889537
0.558622
0.404506
0.0858982
0.882546
0.359936
0.389945
1.28666
0.324153
0.0657748
0.444712
0.248213
0.412968
0.668444
0.668408
0.730891
0.505184
0.696464
0.755317
0.46044
0.453469
0.433089
0.0937452
0.677341
-0.126145
0.851546
0.854318
0.44888
1.32755
-0.0188257
0.183665
1.29562
0.540573
0.973974
0.736666
0.366802
0.914188
1.0035
0.774132
1.05252
0.118608
0.255051
0.670933
0.426185
0.40506
0.650569
0.532223
0.260058
0.665443
0.585245
0.370481
0.127516
0.273045
0.315107
1.00737
0.899613
0.403931
0.485837
0.339596
0.157747
0.196141
0.992828
1.07915
1.02854
-0.0780121
0.497394
0.906427
1.17317
0.562676
0.165581
0.135513
0.553284
0.368831
0.426841
0.540566
0.33868
0.676964
0.122352
0.937564
1.07526
0.417887
0.279736
0.656886
0.309416
0.603057
0.76126
0.527525
0.658211
0.885078
0.944641
0.433117
0.622153
1.02057
0.342025
0.382969
0.521487
0.889685
0.897432
0.273713
0.599087
1.12345
0.526972
0.645135
0.789603
0.112616
0.898955
0.359723
1.24368
0.601084
1.18427
0.586313
0.979852
0.789396
0.125706
0.186501
0.889875
1.14082
0.246882
0.44219
0.705634
-0.328754
0.419179
0.604521
-0.396759
1.12102
0.683281
0.592937
0.0550923
0.0326762
0.219495
0.734852
0.244193
1.1646
0.613322
0.819712
0.930076
0.687553
0.782589
1.02885
0.275922
0.410236
0.476782
0.942781
-0.300738
0.596272
0.0646038
-0.00752615
0.296654
0.301468
0.468391
0.392407
0.0264897
0.972049
0.290506
0.626757
0.48015
0.133558
-0.0384785
0.333354
0.86491
1.00252
0.0154363
0.792242
0.679633
0.811368
0.074408
-0.0258024
0.879409
1.22455
1.09737
0.462641
0.943884
0.284612
0.422028
0.518392
0.960449
0.649672
0.674406
0.47329
0.574626
0.624455
0.370201
-0.0160114
0.224777
0.0697318
0.0676204
0.554197
0.579257
0.33803
0.20269
0.75373
0.868577
0.771633
0.307861
0.957383
0.528264
0.0122387
0.391381
1.05297
0.444844
1.15748
0.66819
0.657364
-0.143406
1.00699
0.590473
0.494491
-0.218664
0.443339
0.816933
-0.0165651
0.902781
0.453959
0.0362946
0.923013
0.457662
0.0525628
0.618056
-0.0650032
0.0363279
0.974486
0.66057
0.616643
0.446496
0.96343
0.134536
0.480477
1.00373
0.250608
0.446523
0.257927
0.770562
0.505057
1.22764
1.11224
0.87754
0.186503
1.16262
1.07511
0.716824
0.263318
0.266886
1.22395
0.0934176
0.58037
0.612967
0.567127
0.314764
1.10453
0.554374
0.0214173
0.629949
0.777442
0.903115
0.462045
0.944255
0.775687
0.38291
0.714191
0.010629
0.657852
0.697391
0.356396
1.03161
0.655791
0.578743
0.116056
1.09646
0.452339
0.215651
0.554485
0.310982
0.100328
0.319952
0.414313
0.578749
0.610537
-0.125022
0.838523
0.539073
1.33713
0.359057
0.0390257
0.547522
0.540997
0.413715
0.48141
1.02376
0.445654
1.14363
0.445796
1.05716
0.810196
0.77686
0.161784
-0.283449
0.112613
0.494388
1.13767
0.43634
0.953758
0.543263
0.152983
0.733019
0.35617
0.0770313
-0.254949
0.810945
0.332247
1.03181
1.06171
0.662402
0.890587
0.554018
0.0109801
0.583911
0.597918
0.439169
-0.273903
0.357412
0.622693
0.493341
0.701242
1.11847
0.914518
0.13419
-0.0378498
0.47545
0.448754
0.906119
0.97803
0.234263
1.02305
-0.0290332
0.349551
0.453727
0.874374
0.376516
1.4838
0.534792
0.567014
0.140206
-0.128547
0.417877
0.769115
0.160047
0.357767
0.625142
0.818484
0.628366
0.0929507
-0.0610487
0.708063
0.554316
0.0368913
0.372314
0.414275
0.173222
0.467614
0.212981
0.701234
0.524941
0.878791
0.958113
0.603426
0.569243
0.140577
1.05228
0.967351
0.909405
1.00364
0.431206
0.369156
1.07995
0.0180455
0.741546
0.391773
0.456632
0.915272
0.791521
0.358213
-0.0219271
0.537756
0.167068
0.962404
0.151644
1.00754
0.0910696
0.882662
1.32299
0.13977
0.82694
0.798008
0.276122
0.0728729
0.543071
1.0352
0.462907
0.745779
0.282016
0.0465789
0.325149
0.853342
0.465408
0.956424
0.0926386
0.693418
0.344663
0.484304
1.06309
0.372376
0.22535
0.235221
0.0907482
-0.178083
-0.189919
0.303936
0.0988834
0.651405
0.232504
0.736025
0.190117
0.29524
0.633979
0.417097
0.205963
0.928612
1.06981
0.512104
0.875907
0.223183
0.291399
0.0616531
0.897948
0.148216
0.0487551
0.604144
0.338479
0.265879
0.732465
1.06467
0.0533863
0.471568
0.932451
0.738527
0.662286
0.849643
-0.173961
0.510126
0.235656
0.489917
0.69352
0.0094597
0.0615744
0.182561
0.943834
0.730813
0.181137
0.590793
0.565249
0.367251
0.641263
0.943798
0.883348
0.417202
-0.092363
0.586252
0.908094
0.602075
1.05885
0.882257
0.151129
0.992737
0.231169
0.139985
0.735349
-0.311613
0.0964201
0.737579
0.725158
0.603756
0.229867
0.258806
-0.011018
0.636083
-0.107357
1.0937
0.0796725
0.183024
0.64083
0.493631
0.871231
0.484642
-0.00728265
0.393758
0.563501
0.968438
0.663873
0.597148
0.929315
0.837936
0.658673
0.772276
1.02209
0.27538
0.445505
0.803735
0.0786563
0.435017
0.0912316
0.269851
0.512767
0.83619
0.697168
0.636205
0.104154
0.380358
0.97927
0.547424
0.70129
0.538984
0.384403
0.0402073
-0.0305989
0.761399
0.440466
0.233822
0.352645
0.315981
0.498528
0.528884
0.938309
0.298266
0.209986
0.387449
0.394337
0.813107
0.297547
0.75397
0.518161
0.457256
0.472521
0.824539
0.553165
0.0123245
0.901573
0.577753
0.498779
0.487417
0.0311342
0.491008
0.561079
0.417543
0.693525
0.317338
0.391856
0.513995
0.667049
0.822935
1.02967
0.732908
0.946691
0.436956
0.232437
0.133584
0.311992
0.57008
0.896014
0.0813172
0.43701
0.777977
-0.228467
0.651582
0.936601
-0.190687
0.564662
0.272702
0.923149
0.274675
0.560152
0.238645
0.711781
1.01606
0.405932
0.00894597
0.939778
0.429072
0.354581
0.966024
1.23004
0.631551
0.851551
0.555789
0.365066
0.307923
0.381146
0.112056
0.526856
0.91346
0.779141
-0.429615
1.08669
0.5401
0.784266
0.413773
0.731193
0.810508
0.186115
-0.0294639
-0.0687159
0.736737
0.323573
0.817604
1.14057
1.13115
-0.0586158
0.995434
0.46856
0.497974
0.237848
0.5328
0.433083
0.161679
0.410491
0.522037
0.934697
0.934785
0.282438
0.058401
0.30926
0.497989
1.01565
0.00580501
0.182136
0.133461
0.206356
1.02568
0.564146
1.05846
0.56995
0.599627
0.830679
0.749131
0.635466
0.42234
0.103475
1.00904
0.699648
0.559793
0.661316
-0.0806425
0.177446
0.309997
-0.0650033
0.617894
0.531543
0.0373545
0.896671
1.08145
0.540036
0.0419221
0.626504
0.615361
0.317146
-0.0795939
0.819255
0.523603
0.386944
1.04361
0.311881
0.325536
0.296181
0.608967
0.266826
0.595271
0.30332
0.729219
0.813986
0.186852
0.899493
0.398044
1.27242
0.632988
0.482182
0.599954
0.441295
-0.100269
0.888185
0.138815
0.440807
1.19331
0.808487
0.20388
0.762805
1.48325
0.931974
0.767868
0.02337
1.05382
0.142533
0.977016
0.284547
-0.0448303
0.680628
0.552776
0.325709
1.11627
1.15447
0.651545
-0.477418
0.507115
0.177653
0.686234
1.07861
1.0543
0.674293
0.423542
0.57198
0.74381
0.145427
0.723195
0.704792
-0.0306059
-0.182194
0.239161
0.691812
0.357752
0.120663
-0.0512287
0.860443
0.0208231
1.01825
1.2688
0.564951
-0.0586847
0.353569
1.02635
1.09677
0.193987
-0.0588192
0.540527
0.340177
0.870055
0.445329
1.08392
0.0930036
0.960337
0.00503357
-0.00224923
0.790181
0.87501
0.61169
0.6469
0.327995
1.03306
0.339542
0.203863
0.473225
0.3878
1.13548
0.680314
0.618547
0.490577
0.301295
0.203849
0.851072
0.826713
-0.287804
0.707102
0.0208307
-0.00512867
0.697001
0.0831189
0.408148
0.439802
0.0664034
0.923815
0.950143
0.631871
0.598516
0.385214
0.254882
0.576839
0.0519188
0.637159
0.738119
0.269751
0.607341
0.694247
0.898255
0.864837
0.41492
0.608368
1.30504
0.205476
0.679729
-0.0667793
1.12967
-0.0935872
0.3953
-0.0201897
0.0258957
0.569123
-0.349181
0.779198
0.729528
0.633298
0.923448
0.805267
0.855646
0.419189
0.569429
0.843718
0.32167
0.829865
0.830595
0.0187616
-0.00617971
0.0369029
0.30076
0.913212
0.802733
0.351072
0.204882
0.461553
0.523736
-0.0615748
0.563431
0.165893
0.512592
0.921248
0.803654
0.17445
-0.0340079
0.406203
0.442305
0.410517
0.119886
0.623457
0.174973
0.0533175
0.270225
1.01141
0.54755
1.36141
0.35126
0.620488
1.17069
0.175454
1.09453
0.549499
0.0898381
0.649775
0.878642
0.506115
0.175137
0.543507
0.411744
-0.179236
0.434256
0.81869
0.609767
0.773081
0.381619
0.809236
-0.218265
0.0734318
0.549189
1.02647
0.49178
0.410592
0.651174
0.189315
0.93772
0.358253
0.980625
0.442866
0.326799
0.0185633
-0.29669
0.511247
0.179481
0.725641
0.597171
0.703418
0.810361
1.09519
1.41464
0.312402
0.581409
0.693543
0.257808
1.14014
0.290726
0.840734
0.635198
0.590392
0.99107
0.375407
0.428165
-0.165587
1.16292
0.204149
0.051345
0.585399
0.685635
0.617418
0.816722
0.820843
0.819326
0.874513
0.587416
0.0944098
0.376663
0.422352
0.871538
0.490119
0.388791
0.764828
0.364988
0.827374
0.441208
0.407157
0.675303
0.956636
0.371968
0.404506
0.0858982
0.882546
0.359936
0.358455
1.28666
0.324153
0.0657748
0.444712
0.248213
0.412968
0.668444
0.668408
0.730891
0.505184
0.696464
0.755317
0.46044
0.453469
0.57275
0.0937452
0.677341
-0.092648
0.851546
0.854318
0.44888
1.32755
-0.0188257
-0.00148144
1.17123
0.540573
0.973974
0.736666
0.366802
0.914188
1.0035
0.774132
1.05252
0.118608
0.255051
0.757782
0.426185
0.40506
0.650569
0.381117
0.260058
0.665443
0.585245
0.370481
0.0274385
0.273045
0.315107
1.00737
0.899613
0.403931
0.517249
0.471789
0.157747
0.196141
0.857925
1.07915
1.02854
-0.0780121
0.497394
0.906427
1.17317
0.562676
0.165581
0.135513
0.259502
0.270064
0.633549
0.540566
0.282277
0.676964
0.122352
0.937564
1.07526
0.417887
0.279736
0.65509
0.309416
0.603057
0.656304
0.527525
0.658211
0.885078
0.944641
0.433117
0.622153
1.02057
0.342025
0.408965
0.521487
0.788672
0.897432
0.273713
0.540222
1.12345
0.526972
0.691365
0.789603
0.112616
0.898955
0.377919
1.24368
0.601084
1.10724
0.586313
0.979852
0.924745
0.349441
0.186501
0.889875
1.14082
0.246882
0.44219
0.72311
-0.251097
0.419179
0.604521
-0.396759
1.12102

1.12102


-0.251097
0.419179
0.592822
-0.396759
1.12102
